94/09/08,15947000,8299620,0.51,0.65,0.51,0.58,0.04,268
94/09/09,4393000,2212060,0.57,0.57,0.47,0.47,-0.11,136
94/09/12,4550000,2020150,0.48,0.49,0.39,0.40,-0.07,148
94/09/13,2732000,1206410,0.40,0.49,0.40,0.43,0.03,132
94/09/14,3860000,1536960,0.43,0.43,0.37,0.40,-0.03,150
94/09/15,1981000,750960,0.39,0.40,0.35,0.37,-0.03,88
94/09/16,2554000,896200,0.37,0.38,0.33,0.33,-0.04,76
94/09/19,4806000,1801210,0.33,0.40,0.33,0.40,0.07,142
94/09/20,5058000,2072590,0.40,0.44,0.38,0.43,0.03,156
94/09/21,6290000,2716560,0.44,0.47,0.41,0.42,-0.01,227
94/09/22,2916000,1153460,0.42,0.42,0.38,0.38,-0.04,127
94/09/23,5398000,1915870,0.39,0.40,0.34,0.36,-0.02,186
94/09/26,2740000,949330,0.35,0.38,0.32,0.34,-0.02,147
94/09/27,1852000,603040,0.34,0.35,0.30,0.31,-0.03,100
94/09/28,5823000,1402780,0.31,0.32,0.19,0.20,-0.11,178
94/09/29,4148000,724730,0.20,0.20,0.16,0.20,,150
94/09/30,2543000,518760,0.20,0.23,0.19,0.21,0.01,124
94/10/03,2588000,510440,0.21,0.21,0.19,0.20,-0.01,132
94/10/04,2478000,462240,0.20,0.20,0.17,0.19,-0.01,116
94/10/05,3062000,556710,0.19,0.20,0.17,0.19,,123
94/10/06,2523000,464540,0.19,0.20,0.17,0.18,-0.01,120
94/10/07,2918000,481270,0.17,0.18,0.15,0.16,-0.02,120
94/10/11,2669000,391060,0.16,0.16,0.14,0.14,-0.02,94
94/10/12,2558000,343210,0.14,0.15,0.12,0.12,-0.02,94
94/10/13,3107000,331360,0.12,0.12,0.10,0.10,-0.02,103
94/10/14,2853000,238630,0.10,0.10,0.08,0.08,-0.02,102
94/10/17,3803000,227560,0.08,0.08,0.04,0.06,-0.02,113
94/10/18,4883000,213610,0.05,0.05,0.04,0.04,-0.02,112
94/10/19,3580000,104640,0.04,0.04,0.02,0.02,-0.02,68
94/10/20,4990000,149700,0.03,0.03,0.03,0.03,0.01,101
94/10/21,1797000,53910,0.03,0.03,0.03,0.03,,48
94/10/24,2103000,62780,0.03,0.03,0.02,0.02,-0.01,47
94/10/25,1745000,46470,0.03,0.03,0.02,0.03,0.01,32
94/10/26,1611000,35130,0.03,0.03,0.02,0.02,-0.01,37
94/10/27,2415000,48900,0.02,0.03,0.02,0.02,,58
94/10/28,1211000,24210,0.02,0.02,0.01,0.02,,32
94/10/31,1669000,33580,0.02,0.03,0.02,0.02,,28
94/11/01,950000,21650,0.02,0.03,0.02,0.02,,24
94/11/02,1355000,27100,0.02,0.02,0.02,0.02,,28
94/11/03,548000,10990,0.02,0.03,0.02,0.03,0.01,10
94/11/04,397000,7940,0.02,0.02,0.02,0.02,-0.01,7
94/11/07,317000,6340,0.02,0.02,0.02,0.02,,8
94/11/08,554000,6100,0.01,0.02,0.01,0.01,-0.01,16
94/11/09,12000,240,0.02,0.02,0.02,0.02,0.01,3
94/11/10,542000,5430,0.02,0.02,0.01,0.01,-0.01,11
94/11/11,343000,3440,0.01,0.02,0.01,0.02,0.01,10
94/11/14,21000,320,0.02,0.02,0.01,0.01,-0.01,3
94/11/15,854000,8540,0.01,0.01,0.01,0.01,,21
94/11/16,48000,480,0.01,0.01,0.01,0.01,,2
94/11/17,114000,2140,0.01,0.02,0.01,0.02,0.01,4
94/11/18,0,0,--,--,--,--,,0
94/11/21,11000,110,0.01,0.01,0.01,0.01,-0.01,2
94/11/22,1000,10,0.01,0.01,0.01,0.01,,1
94/11/23,527000,5270,0.01,0.01,0.01,0.01,,12
94/11/24,780000,7800,0.01,0.01,0.01,0.01,,16
94/11/25,326000,3260,0.01,0.01,0.01,0.01,,8
94/11/28,512000,5120,0.01,0.01,0.01,0.01,,13
94/11/29,762000,7620,0.01,0.01,0.01,0.01,,20
94/11/30,407000,4070,0.01,0.01,0.01,0.01,,8
94/12/01,100000,1000,0.01,0.01,0.01,0.01,,3
94/12/02,101000,1010,0.01,0.01,0.01,0.01,,4
94/12/05,180000,1800,0.01,0.01,0.01,0.01,,4
94/12/06,499000,5990,0.01,0.02,0.01,0.01,,17
94/12/07,31000,310,0.01,0.01,0.01,0.01,,3
94/12/08,438000,4380,0.01,0.01,0.01,0.01,,10
94/12/09,8000,80,0.01,0.01,0.01,0.01,,2
94/12/12,1000,10,0.01,0.01,0.01,0.01,,1
94/12/13,99000,990,0.01,0.01,0.01,0.01,,4
94/12/14,298000,2980,0.01,0.01,0.01,0.01,,7
94/12/15,101000,1010,0.01,0.01,0.01,0.01,,3
94/12/16,5000,50,0.01,0.01,0.01,0.01,,5
94/12/19,303000,3030,0.01,0.01,0.01,0.01,,7
94/12/20,294000,2940,0.01,0.01,0.01,0.01,,8
94/12/21,101000,1010,0.01,0.01,0.01,0.01,,4
94/12/22,1000,10,0.01,0.01,0.01,0.01,,1
94/12/23,1000,10,0.01,0.01,0.01,0.01,,1
94/12/26,199000,1990,0.01,0.01,0.01,0.01,,6
94/12/27,100000,1000,0.01,0.01,0.01,0.01,,3
94/12/28,793000,7930,0.01,0.01,0.01,0.01,,19
94/12/29,1000,10,0.01,0.01,0.01,0.01,,1
94/12/30,1000,10,0.01,0.01,0.01,0.01,,1
95/01/02,10000,100,0.01,0.01,0.01,0.01,,1
95/01/03,1000,10,0.01,0.01,0.01,0.01,,1
95/01/04,1000,10,0.01,0.01,0.01,0.01,,1
95/01/05,1000,10,0.01,0.01,0.01,0.01,,1
95/01/06,1000,10,0.01,0.01,0.01,0.01,,1
95/01/09,0,0,--,--,--,--,,0
95/01/10,1000,10,0.01,0.01,0.01,0.01,,1
95/01/11,1000,10,0.01,0.01,0.01,0.01,,1
95/01/12,0,0,--,--,--,--,,0
95/01/13,0,0,--,--,--,--,,0
95/01/16,1000,10,0.01,0.01,0.01,0.01,,1
95/01/17,0,0,--,--,--,--,,0
95/01/18,0,0,--,--,--,--,,0
95/01/19,0,0,--,--,--,--,,0
95/01/20,0,0,--,--,--,--,,0
95/01/23,0,0,--,--,--,--,,0
95/01/24,0,0,--,--,--,--,,0
95/01/25,0,0,--,--,--,--,,0
95/02/03,20000,200,0.01,0.01,0.01,0.01,,1
95/02/06,0,0,--,--,--,--,,0
95/02/07,297000,2970,0.01,0.01,0.01,0.01,,5
95/02/08,0,0,--,--,--,--,,0
95/02/09,0,0,--,--,--,--,,0
95/02/10,297000,2970,0.01,0.01,0.01,0.01,,3
95/02/13,2000,20,0.01,0.01,0.01,0.01,,2
95/02/14,0,0,--,--,--,--,,0
95/02/15,0,0,--,--,--,--,,0
95/02/16,0,0,--,--,--,--,,0
95/02/17,0,0,--,--,--,--,,0
95/02/20,15000,150,0.01,0.01,0.01,0.01,,2
95/02/21,2000,20,0.01,0.01,0.01,0.01,,2
95/02/22,0,0,--,--,--,--,,0
95/02/23,3000,30,0.01,0.01,0.01,0.01,,3
95/02/24,2000,20,0.01,0.01,0.01,0.01,,2
95/02/27,9000,90,0.01,0.01,0.01,0.01,,9
95/03/01,0,0,--,--,--,--,,0
95/03/02,0,0,--,--,--,--,,0
95/03/03,0,0,--,--,--,--,,0
97/02/27,14863000,10351170,0.70,0.70,0.61,0.63,-0.07,279
97/02/29,889000,532370,0.63,0.63,0.56,0.56,-0.07,114
97/03/03,1016000,501000,0.55,0.55,0.47,0.50,-0.06,126
97/03/04,967000,511960,0.50,0.55,0.50,0.54,0.04,112
97/03/05,851000,451190,0.55,0.55,0.50,0.55,0.01,110
97/03/06,923000,516900,0.55,0.60,0.54,0.60,0.05,120
97/03/07,924000,520960,0.58,0.60,0.54,0.55,-0.05,112
97/03/10,830000,422550,0.53,0.53,0.48,0.51,-0.04,110
97/03/11,1075000,539030,0.50,0.52,0.47,0.52,0.01,124
97/03/12,712000,373030,0.52,0.54,0.50,0.52,,89
97/03/13,824000,395650,0.51,0.51,0.45,0.47,-0.05,103
97/03/14,1319000,604770,0.47,0.47,0.43,0.46,-0.01,111
97/03/17,1087000,448180,0.44,0.44,0.39,0.41,-0.05,106
97/03/18,1171000,480930,0.42,0.42,0.39,0.41,,98
97/03/19,698000,286820,0.42,0.42,0.39,0.39,-0.02,68
97/03/20,1129000,451110,0.38,0.42,0.37,0.42,0.03,86
97/03/21,1108000,449110,0.42,0.42,0.36,0.36,-0.06,91
97/03/24,920000,434760,0.40,0.49,0.40,0.49,0.13,75
97/03/25,893000,438180,0.51,0.51,0.47,0.49,,87
97/03/26,1029000,530530,0.49,0.53,0.49,0.50,0.01,79
97/03/27,825000,408690,0.50,0.50,0.47,0.50,,78
97/03/28,672000,330910,0.50,0.50,0.47,0.47,-0.03,72
97/03/31,980000,474940,0.48,0.50,0.44,0.49,0.02,88
97/04/01,1108000,552960,0.50,0.52,0.49,0.51,0.02,86
97/04/02,960000,491720,0.51,0.53,0.49,0.52,0.01,84
97/04/03,929000,467990,0.55,0.55,0.48,0.49,-0.03,68
97/04/07,1024000,499660,0.51,0.51,0.46,0.49,,88
97/04/08,1103000,521500,0.50,0.50,0.45,0.47,-0.02,98
97/04/09,1004000,457400,0.47,0.47,0.44,0.44,-0.03,96
97/04/10,1318000,632380,0.44,0.53,0.44,0.52,0.08,108
97/04/11,1233000,665870,0.55,0.55,0.52,0.54,0.02,98
97/04/14,846000,438540,0.50,0.55,0.45,0.54,,65
97/04/15,918000,574050,0.60,0.66,0.54,0.62,0.08,95
97/04/16,1068000,599160,0.62,0.62,0.53,0.55,-0.07,86
97/04/17,2079000,1244300,0.58,0.63,0.55,0.55,,120
97/04/18,900000,530590,0.60,0.60,0.55,0.59,0.04,82
97/04/21,1316000,847770,0.60,0.66,0.60,0.60,0.01,97
97/04/22,1217000,722410,0.62,0.63,0.57,0.58,-0.02,90
97/04/23,1482000,876170,0.59,0.63,0.56,0.62,0.04,106
97/04/24,1341000,777050,0.60,0.62,0.55,0.58,-0.04,99
97/04/25,1035000,609910,0.57,0.61,0.55,0.55,-0.03,86
97/04/28,969000,550740,0.56,0.58,0.55,0.58,0.03,90
97/04/29,1015000,523660,0.58,0.62,0.38,0.47,-0.11,83
97/04/30,796000,336910,0.46,0.46,0.40,0.42,-0.05,71
97/05/02,1354000,523440,0.43,0.43,0.34,0.40,-0.02,83
97/05/05,1017000,410500,0.40,0.43,0.39,0.39,-0.01,89
97/05/06,1036000,391830,0.41,0.41,0.35,0.39,,87
97/05/07,841000,361040,0.39,0.47,0.39,0.41,0.02,80
97/05/08,1209000,415130,0.40,0.40,0.31,0.32,-0.09,99
97/05/09,1073000,354820,0.35,0.37,0.30,0.33,0.01,93
97/05/12,929000,297450,0.32,0.33,0.30,0.33,,85
97/05/13,1061000,368170,0.34,0.38,0.32,0.36,0.03,84
97/05/14,992000,398830,0.36,0.45,0.35,0.40,0.04,78
97/05/15,855000,343360,0.40,0.42,0.36,0.39,-0.01,69
97/05/16,925000,369680,0.38,0.42,0.34,0.41,0.02,82
97/05/19,848000,345680,0.41,0.42,0.40,0.42,0.01,75
97/05/20,1204000,494270,0.43,0.43,0.39,0.39,-0.03,75
97/05/21,927000,354540,0.39,0.40,0.35,0.39,,74
97/05/22,1083000,390340,0.37,0.37,0.31,0.36,-0.03,88
97/05/23,956000,307970,0.35,0.36,0.27,0.30,-0.06,80
97/05/26,1076000,293150,0.30,0.30,0.23,0.23,-0.07,92
97/05/27,1096000,237430,0.23,0.24,0.16,0.24,0.01,85
97/05/28,864000,215800,0.24,0.27,0.23,0.25,0.01,100
97/05/29,1043000,255310,0.25,0.26,0.22,0.24,-0.01,109
97/05/30,1384000,247780,0.24,0.25,0.14,0.15,-0.09,119
97/06/02,950000,152920,0.15,0.17,0.15,0.17,0.02,106
97/06/03,973000,160650,0.17,0.18,0.14,0.17,,101
97/06/04,935000,151610,0.17,0.17,0.15,0.16,-0.01,101
97/06/05,1025000,152030,0.16,0.16,0.13,0.15,-0.01,97
97/06/06,458000,75550,0.18,0.18,0.12,0.16,0.01,50
97/06/09,386000,54040,0.14,0.14,0.14,0.14,-0.02,49
97/06/10,443000,54440,0.14,0.14,0.11,0.12,-0.02,47
97/06/11,560000,61480,0.12,0.12,0.09,0.09,-0.03,50
97/06/12,19000,950,0.05,0.05,0.05,0.05,-0.04,2
97/06/13,594000,31470,0.06,0.06,0.05,0.06,0.01,57
97/06/16,228000,22800,0.10,0.10,0.10,0.10,0.04,40
97/06/17,49000,1960,0.04,0.04,0.04,0.04,-0.06,3
97/06/18,69000,2260,0.03,0.04,0.03,0.04,,2
97/06/19,129000,2460,0.01,0.04,0.01,0.04,,6
97/06/20,51000,1020,0.02,0.02,0.02,0.02,-0.02,1
97/06/23,180000,3600,0.02,0.02,0.02,0.02,,5
97/06/24,171000,1930,0.02,0.03,0.01,0.03,0.01,7
97/06/25,99000,990,0.01,0.01,0.01,0.01,-0.02,1
97/06/26,50000,1500,0.03,0.03,0.03,0.03,0.02,2
97/06/27,0,0,--,--,--,--,,0
97/06/30,0,0,--,--,--,--,,0
97/07/01,19000,190,0.01,0.01,0.01,0.01,-0.02,1
97/07/02,0,0,--,--,--,--,,0
97/07/03,0,0,--,--,--,--,,0
97/07/04,0,0,--,--,--,--,,0
97/07/07,0,0,--,--,--,--,,0
97/07/08,0,0,--,--,--,--,,0
97/07/09,0,0,--,--,--,--,,0
97/07/10,0,0,--,--,--,--,,0
97/07/11,0,0,--,--,--,--,,0
97/07/14,0,0,--,--,--,--,,0
97/07/15,0,0,--,--,--,--,,0
97/07/16,0,0,--,--,--,--,,0
97/07/17,0,0,--,--,--,--,,0
97/07/18,0,0,--,--,--,--,,0
97/07/21,0,0,--,--,--,--,,0
97/07/22,0,0,--,--,--,--,,0
97/07/23,0,0,--,--,--,--,,0
97/07/24,0,0,--,--,--,--,,0
97/07/25,0,0,--,--,--,--,,0
97/07/29,0,0,--,--,--,--,,0
97/07/30,0,0,--,--,--,--,,0
97/07/31,0,0,--,--,--,--,,0
97/08/01,0,0,--,--,--,--,,0
97/08/04,0,0,--,--,--,--,,0
97/08/05,0,0,--,--,--,--,,0
97/08/06,1000,30,0.03,0.03,0.03,0.03,0.02,1
97/08/07,0,0,--,--,--,--,,0
97/08/08,0,0,--,--,--,--,,0
97/08/11,0,0,--,--,--,--,,0
97/08/12,0,0,--,--,--,--,,0
97/08/13,0,0,--,--,--,--,,0
97/08/14,0,0,--,--,--,--,,0
97/08/15,0,0,--,--,--,--,,0
97/08/18,0,0,--,--,--,--,,0
97/08/19,0,0,--,--,--,--,,0
97/08/20,0,0,--,--,--,--,,0
97/08/21,2000,20,0.01,0.01,0.01,0.01,,2
97/08/22,0,0,--,--,--,--,,0
98/05/19,31000,72950,2.36,2.36,2.15,2.15,0.40,2
98/05/20,87000,171180,2.02,2.02,1.84,1.84,-0.31,8
98/05/21,4000,7080,1.84,1.84,1.70,1.70,-0.14,2
98/05/22,8000,13610,1.70,1.71,1.70,1.71,0.01,3
98/05/25,14000,23200,1.63,1.67,1.63,1.67,-0.04,3
98/05/26,0,0,--,--,--,--,,0
98/05/27,227000,418660,1.62,1.88,1.62,1.87,0.20,26
98/06/01,132000,231820,1.88,1.88,1.70,1.71,-0.16,15
98/06/02,229000,431060,1.77,2.02,1.75,1.85,0.14,25
98/06/03,83000,147800,1.87,1.87,1.69,1.69,-0.16,9
98/06/04,128000,202260,1.73,1.78,1.53,1.55,-0.14,12
98/06/05,76000,108600,1.39,1.45,1.35,1.35,-0.20,4
98/06/06,84000,117520,1.39,1.41,1.37,1.41,0.06,8
98/06/08,90000,116950,1.34,1.34,1.12,1.12,-0.29,8
98/06/09,103000,112480,1.10,1.21,1.06,1.06,-0.06,7
98/06/10,90000,99800,1.12,1.15,1.07,1.07,0.01,7
98/06/11,101000,110400,1.00,1.24,1.00,1.24,0.17,7
98/06/12,153000,183800,1.25,1.25,1.12,1.20,-0.04,12
98/06/15,156000,162990,1.06,1.14,0.84,0.89,-0.31,13
98/06/16,65000,54600,0.87,0.87,0.82,0.86,-0.03,5
98/06/17,180000,169550,0.88,1.00,0.84,0.87,0.01,12
98/06/18,214000,171290,0.84,0.84,0.74,0.77,-0.10,14
98/06/19,238000,191740,0.80,0.82,0.78,0.82,0.05,14
98/06/22,145000,113800,0.80,0.85,0.74,0.85,0.03,4
98/06/23,225000,168160,0.85,0.85,0.71,0.71,-0.14,8
98/06/24,172000,143210,0.70,0.92,0.70,0.92,0.21,13
98/06/25,216000,224800,0.95,1.15,0.95,1.09,0.17,18
98/06/26,119000,139260,1.09,1.22,1.09,1.17,0.08,11
98/06/29,208000,252720,1.19,1.34,1.17,1.18,0.01,16
98/06/30,235000,267900,1.23,1.23,1.02,1.04,-0.14,10
98/07/01,319000,363360,1.07,1.22,1.04,1.18,0.14,20
98/07/02,130000,159970,1.18,1.40,1.18,1.37,0.19,12
98/07/03,33000,46260,1.37,1.43,1.34,1.34,-0.03,5
98/07/06,39000,49540,1.29,1.32,1.23,1.23,-0.11,5
98/07/07,55000,63070,1.09,1.20,1.09,1.15,-0.08,6
98/07/08,217000,209860,1.07,1.07,0.93,0.93,-0.22,11
98/07/09,173000,182680,0.94,1.10,0.94,0.97,0.04,13
98/07/10,87000,84470,0.97,0.98,0.94,0.95,-0.02,7
98/07/13,145000,110280,0.82,0.83,0.67,0.67,-0.28,8
98/07/14,65000,45600,0.72,0.72,0.69,0.69,0.02,2
98/07/15,127000,110150,0.83,0.97,0.83,0.95,0.26,9
98/07/16,151000,147220,0.98,1.01,0.91,0.91,-0.04,10
98/07/17,43000,43000,1.00,1.00,1.00,1.00,0.09,3
98/07/20,20000,22100,1.08,1.13,1.08,1.13,0.13,2
98/07/21,62000,77300,1.23,1.25,1.23,1.25,0.12,3
98/07/22,23000,29240,1.40,1.40,1.19,1.19,-0.06,4
98/07/23,41000,46710,1.11,1.17,1.11,1.11,-0.08,4
98/07/24,10000,11900,1.19,1.19,1.19,1.19,0.08,1
98/07/27,21000,22510,1.05,1.11,1.05,1.11,-0.08,3
98/07/28,20000,22900,1.17,1.17,1.12,1.12,0.01,2
98/07/29,0,0,--,--,--,--,,0
98/07/30,60000,57900,0.96,0.99,0.96,0.96,-0.16,3
98/07/31,144000,147570,1.02,1.04,0.96,0.96,,6
98/08/03,0,0,--,--,--,--,,0
98/08/04,41000,43140,1.04,1.07,1.04,1.04,0.08,5
98/08/05,23000,14770,0.69,0.69,0.63,0.63,-0.41,3
98/08/06,6000,3870,0.64,0.65,0.64,0.65,0.02,2
98/08/10,10000,6800,0.68,0.68,0.68,0.68,0.03,1
98/08/11,30000,17700,0.59,0.59,0.59,0.59,-0.09,1
98/08/12,49000,25480,0.52,0.52,0.52,0.52,-0.07,2
98/08/13,63000,37020,0.56,0.64,0.56,0.64,0.12,3
98/08/14,30000,18600,0.62,0.62,0.62,0.62,-0.02,1
98/08/17,3000,1440,0.48,0.48,0.48,0.48,-0.14,1
98/08/18,30000,15300,0.51,0.51,0.51,0.51,0.03,1
98/08/19,0,0,--,--,--,--,,0
98/08/20,15000,5650,0.37,0.39,0.37,0.39,-0.12,2
98/08/21,50000,21300,0.42,0.44,0.42,0.44,0.05,3
98/08/24,181000,81620,0.44,0.46,0.44,0.44,,7
98/08/25,0,0,--,--,--,--,,0
98/08/26,6000,1980,0.33,0.33,0.33,0.33,-0.11,1
98/08/27,0,0,--,--,--,--,,0
98/08/28,0,0,--,--,--,--,,0
98/08/31,0,0,--,--,--,--,,0
98/09/01,0,0,--,--,--,--,,0
98/09/02,30000,11700,0.39,0.39,0.39,0.39,0.06,1
98/09/03,50000,18890,0.37,0.40,0.37,0.40,0.01,2
98/09/04,0,0,--,--,--,--,,0
98/09/07,0,0,--,--,--,--,,0
98/09/08,0,0,--,--,--,--,,0
98/09/09,0,0,--,--,--,--,,0
98/09/10,15000,12840,0.86,0.88,0.82,0.82,0.42,3
98/09/11,5000,3450,0.69,0.69,0.69,0.69,-0.13,1
98/09/14,0,0,--,--,--,--,,0
98/09/15,20000,10400,0.52,0.52,0.52,0.52,-0.17,1
98/09/16,40000,21200,0.52,0.54,0.52,0.54,0.02,2
98/09/17,3000,1950,0.65,0.65,0.65,0.65,0.11,1
98/09/18,40000,21800,0.56,0.56,0.53,0.53,-0.12,2
98/09/21,2000,1080,0.54,0.54,0.54,0.54,0.01,1
98/09/22,44000,23760,0.54,0.54,0.54,0.54,,1
98/09/23,32000,16320,0.51,0.51,0.51,0.51,-0.03,1
98/09/24,0,0,--,--,--,--,,0
98/09/25,50000,18000,0.36,0.36,0.36,0.36,-0.15,1
98/09/28,45000,15590,0.35,0.35,0.33,0.33,-0.03,3
98/09/29,30000,10200,0.34,0.34,0.34,0.34,0.01,1
98/09/30,32000,12840,0.42,0.42,0.40,0.40,0.06,3
98/10/01,0,0,--,--,--,--,,0
98/10/02,5000,2150,0.43,0.43,0.43,0.43,0.03,1
98/10/05,48000,16800,0.35,0.35,0.35,0.35,-0.08,1
98/10/06,21000,7560,0.34,0.41,0.34,0.41,0.06,2
98/10/07,7000,2970,0.43,0.43,0.41,0.41,,2
98/10/08,5000,2350,0.47,0.47,0.47,0.47,0.06,1
98/10/09,51000,20910,0.41,0.41,0.41,0.41,-0.06,3
98/10/12,222000,73600,0.37,0.38,0.28,0.28,-0.13,7
98/10/13,242000,64810,0.26,0.28,0.25,0.28,,6
98/10/14,37000,15540,0.42,0.42,0.42,0.42,0.14,2
98/10/15,101000,52790,0.52,0.53,0.46,0.46,0.04,6
98/10/16,84000,29740,0.35,0.38,0.31,0.31,-0.15,5
98/10/19,35000,9450,0.27,0.27,0.27,0.27,-0.04,2
98/10/20,103000,28030,0.29,0.29,0.25,0.25,-0.02,3
98/10/21,6000,1320,0.22,0.22,0.22,0.22,-0.03,1
98/10/22,82000,10640,0.14,0.14,0.12,0.12,-0.10,3
98/10/23,67000,8880,0.14,0.14,0.12,0.12,,3
98/10/26,407000,48700,0.13,0.15,0.10,0.10,-0.02,24
98/10/27,205000,15570,0.08,0.08,0.07,0.08,-0.02,13
98/10/28,178000,13560,0.07,0.09,0.07,0.07,-0.01,11
98/10/29,753000,23530,0.04,0.04,0.02,0.02,-0.05,23
98/10/30,0,0,--,--,--,--,,0
98/11/02,0,0,--,--,--,--,,0
98/11/03,0,0,--,--,--,--,,0
98/11/04,0,0,--,--,--,--,,0
98/11/05,0,0,--,--,--,--,,0
98/11/06,0,0,--,--,--,--,,0
98/11/09,0,0,--,--,--,--,,0
98/11/10,0,0,--,--,--,--,,0
98/11/11,99000,990,0.01,0.01,0.01,0.01,-0.01,2
98/11/12,0,0,--,--,--,--,,0
98/11/13,0,0,--,--,--,--,,0
98/11/16,0,0,--,--,--,--,,0
99/02/06,0,0,--,--,--,--,,0
99/02/08,50000,101200,2.11,2.11,1.98,1.98,-0.46,3
99/02/09,187000,359720,1.93,1.93,1.92,1.92,-0.06,7
99/02/10,159000,319400,2.10,2.10,1.94,2.00,0.08,10
99/02/22,190000,359450,2.20,2.20,1.77,1.82,-0.18,14
99/02/23,1141000,1971660,1.83,1.97,1.66,1.71,-0.11,32
99/02/24,560000,934240,1.63,1.71,1.61,1.61,-0.10,25
99/02/25,1043000,1393830,1.61,1.61,1.17,1.29,-0.32,61
99/02/26,1397000,1729320,1.19,1.40,1.11,1.18,-0.11,57
99/03/01,1610000,2118830,1.20,1.40,1.18,1.36,0.18,68
99/03/02,1846000,2810400,1.34,1.62,1.34,1.47,0.11,67
99/03/03,2194000,3235290,1.54,1.56,1.44,1.45,-0.02,51
99/03/04,1077000,1553310,1.52,1.52,1.37,1.45,,34
99/03/05,2180000,3307700,1.53,1.57,1.41,1.47,0.02,51
99/03/08,2004000,3067750,1.52,1.67,1.50,1.65,0.18,46
99/03/09,2113000,3513820,1.70,1.71,1.63,1.69,0.04,42
99/03/10,916000,1565760,1.75,1.75,1.63,1.70,0.01,26
99/03/11,1143000,1954690,1.83,1.84,1.65,1.67,-0.03,32
99/03/12,1007000,1540710,1.67,1.67,1.49,1.49,-0.18,28
99/03/15,1466000,2172700,1.58,1.58,1.35,1.35,-0.14,49
99/03/16,1292000,1875930,1.47,1.54,1.39,1.51,0.16,34
99/03/17,1026000,1732130,1.63,1.79,1.60,1.79,0.28,39
99/03/18,332000,579910,1.80,1.80,1.73,1.75,-0.04,17
99/03/19,872000,1485930,1.73,1.73,1.67,1.67,-0.08,24
99/03/22,456000,694710,1.65,1.65,1.48,1.53,-0.14,36
99/03/23,916000,1467950,1.64,1.65,1.56,1.56,0.03,17
99/03/24,1083000,1648970,1.61,1.62,1.48,1.48,-0.08,41
99/03/25,1044000,1347890,1.36,1.41,1.21,1.35,-0.13,48
99/03/26,1213000,1582810,1.35,1.36,1.27,1.28,-0.07,51
99/03/29,1098000,1585200,1.42,1.47,1.40,1.43,0.15,36
99/03/30,540000,812300,1.55,1.55,1.46,1.50,0.07,28
99/03/31,225000,334460,1.52,1.52,1.47,1.48,-0.02,16
99/04/01,815000,1277380,1.50,1.63,1.50,1.63,0.15,40
99/04/02,383000,622010,1.68,1.70,1.57,1.58,-0.05,29
99/04/06,874000,1677130,1.70,2.16,1.70,2.02,0.44,55
99/04/07,596000,1184410,2.10,2.16,1.90,2.03,0.01,32
99/04/08,503000,994180,2.03,2.15,1.80,1.84,-0.19,34
99/04/09,357000,686470,1.91,2.08,1.81,2.05,0.21,20
99/04/12,451000,901300,2.05,2.06,1.90,1.94,-0.11,20
99/04/13,791000,1297040,1.81,1.83,1.19,1.70,-0.24,39
99/04/14,601000,1024540,1.70,1.78,1.60,1.77,0.07,34
99/04/15,947000,1747090,1.85,1.96,1.72,1.75,-0.02,42
99/04/16,1020000,1658250,1.87,1.87,1.51,1.51,-0.24,45
99/04/19,957000,1256030,1.37,1.44,1.17,1.18,-0.33,52
99/04/20,603000,725090,1.20,1.31,1.10,1.29,0.11,28
99/04/21,716000,1013290,1.42,1.45,1.35,1.38,0.09,44
99/04/22,753000,1171790,1.41,1.72,1.33,1.71,0.33,55
99/04/23,1159000,2160890,1.79,1.91,1.78,1.85,0.14,73
99/04/26,976000,2148430,2.00,2.33,2.00,2.32,0.47,50
99/04/27,761000,1858070,2.45,2.55,2.35,2.50,0.18,60
99/04/28,679000,1670390,1.15,3.02,1.15,3.02,0.52,54
99/04/29,436000,1281210,3.15,3.21,2.82,2.85,-0.17,38
99/04/30,413000,1118380,3.00,3.08,2.35,2.35,-0.50,34
99/05/03,135000,287950,2.16,2.16,2.09,2.15,-0.20,6
99/05/04,151000,341240,2.24,2.30,2.17,2.30,0.15,10
99/05/05,192000,336830,1.88,1.88,1.68,1.75,-0.55,20
99/05/06,680000,991340,1.65,1.66,1.34,1.35,-0.40,27
99/05/07,715000,856870,1.25,1.29,1.04,1.24,-0.11,42
99/05/10,365000,436400,1.20,1.28,1.14,1.24,,32
99/05/11,446000,602950,1.39,1.49,1.22,1.23,-0.01,28
99/05/12,232000,289930,1.24,1.33,1.16,1.19,-0.04,14
99/05/13,313000,450950,1.38,1.53,1.38,1.53,0.34,27
99/05/14,222000,330520,1.42,1.52,1.37,1.37,-0.16,6
99/05/17,315000,365220,1.22,1.23,1.12,1.17,-0.20,31
99/05/18,197000,237110,1.18,1.27,1.17,1.21,0.04,13
99/05/19,531000,557390,1.11,1.77,0.89,0.96,-0.25,48
99/05/20,501000,401920,0.98,0.98,0.65,0.69,-0.27,46
99/05/21,316000,163410,0.48,0.55,0.45,0.53,-0.16,30
99/05/24,290000,165200,0.50,0.59,0.50,0.55,0.02,27
99/05/25,441000,141030,0.50,0.50,0.23,0.32,-0.23,47
99/05/26,59000,21900,0.35,0.40,0.35,0.40,0.08,8
99/05/27,130000,39200,0.30,0.33,0.28,0.31,-0.09,11
99/05/28,555000,200290,0.40,0.42,0.31,0.31,,49
99/05/31,573000,166000,0.27,0.35,0.25,0.34,0.03,64
99/06/01,561000,188230,0.36,0.41,0.29,0.34,,40
99/06/02,556000,159930,0.30,0.36,0.23,0.26,-0.08,37
99/06/03,190000,64740,0.35,0.36,0.31,0.35,0.09,20
99/06/04,98000,33660,0.37,0.37,0.31,0.31,-0.04,12
99/06/07,250000,51090,0.24,0.24,0.15,0.15,-0.16,22
99/06/08,279000,41840,0.19,0.19,0.13,0.17,0.02,28
99/06/09,123000,18260,0.12,0.19,0.12,0.18,0.01,14
99/06/10,157000,28420,0.16,0.21,0.16,0.17,-0.01,12
99/06/11,123000,25570,0.23,0.23,0.12,0.12,-0.05,6
99/06/14,39000,4390,0.10,0.19,0.10,0.10,-0.02,4
99/06/15,106000,15130,0.11,0.18,0.11,0.11,0.01,7
99/06/17,123000,18780,0.16,0.16,0.11,0.11,,6
99/06/18,49000,6560,0.14,0.14,0.11,0.11,,5
99/06/21,356000,66480,0.19,0.20,0.12,0.12,0.01,17
99/06/22,66000,8230,0.13,0.18,0.12,0.13,0.01,5
99/06/23,70000,8000,0.13,0.13,0.10,0.10,-0.03,4
99/06/24,93000,9100,0.10,0.10,0.08,0.08,-0.02,4
99/06/25,59000,3750,0.08,0.08,0.05,0.05,-0.03,5
99/06/28,11000,580,0.08,0.08,0.05,0.05,,2
99/06/29,32000,2860,0.09,0.09,0.08,0.08,0.03,2
99/06/30,103000,4890,0.05,0.05,0.03,0.03,-0.05,4
99/07/01,167000,6480,0.04,0.04,0.02,0.02,-0.01,9
99/07/02,0,0,--,--,--,--,,0
99/07/05,22000,710,0.04,0.08,0.02,0.03,0.01,4
99/07/06,190000,27500,0.20,0.20,0.05,0.05,0.02,7
99/07/07,21000,540,0.04,0.04,0.01,0.01,-0.04,3
99/07/08,11000,130,0.03,0.03,0.01,0.01,,2
99/07/09,0,0,--,--,--,--,,0
99/07/12,85000,2490,0.03,0.05,0.01,0.05,0.04,7
99/07/13,10000,100,0.01,0.01,0.01,0.01,-0.04,1
99/07/14,10000,300,0.03,0.03,0.03,0.03,0.02,1
99/07/15,51000,560,0.06,0.06,0.01,0.01,-0.02,3
99/07/16,57000,890,0.02,0.02,0.01,0.01,,4
99/07/19,120000,1200,0.01,0.01,0.01,0.01,,5
99/07/20,46000,480,0.01,0.03,0.01,0.03,0.02,4
99/07/21,209000,2090,0.01,0.01,0.01,0.01,-0.02,7
99/07/22,156000,1560,0.01,0.01,0.01,0.01,,3
99/07/23,90000,1700,0.02,0.02,0.01,0.02,0.01,4
99/07/26,5000,50,0.01,0.01,0.01,0.01,-0.01,1
99/07/27,0,0,--,--,--,--,,0
99/07/28,0,0,--,--,--,--,,0
99/07/29,940000,9400,0.01,0.01,0.01,0.01,,14
99/07/30,3162000,31620,0.01,0.01,0.01,0.01,,52
99/08/02,169000,1690,0.01,0.01,0.01,0.01,,5
99/08/03,1401000,14010,0.01,0.01,0.01,0.01,,20
