102/04/09,0,0,--,--,--,--,,0
102/04/10,0,0,--,--,--,--,,0
102/04/11,58000,56920,0.98,0.99,0.98,0.99,X,2
102/04/12,316000,278540,0.93,0.93,0.80,0.80,-0.19,12
102/04/15,1324000,921510,0.80,0.80,0.61,0.67,-0.13,37
102/04/16,460000,267170,0.55,0.64,0.55,0.64,-0.03,26
102/04/17,516000,366560,0.67,0.73,0.67,0.72,0.08,25
102/04/18,1104000,668730,0.55,0.63,0.55,0.61,-0.11,37
102/04/19,1439000,962290,0.61,0.72,0.61,0.65,0.04,55
102/04/22,389000,230870,0.60,0.61,0.59,0.59,-0.06,18
102/04/23,544000,296170,0.58,0.58,0.53,0.54,-0.05,21
102/04/24,557000,340760,0.59,0.66,0.57,0.65,0.11,23
102/04/25,525000,317440,0.59,0.62,0.59,0.62,-0.03,23
102/04/26,1562000,857910,0.61,0.61,0.52,0.53,-0.09,56
102/04/29,1088000,542480,0.53,0.53,0.47,0.47,-0.06,36
102/04/30,1876000,962550,0.50,0.54,0.49,0.51,0.04,44
102/05/02,1454000,741830,0.50,0.56,0.47,0.49,-0.02,39
102/05/03,2104000,1125030,0.52,0.57,0.52,0.54,0.05,55
102/05/06,1461000,852900,0.60,0.61,0.56,0.56,0.02,38
102/05/07,891000,489260,0.58,0.58,0.53,0.54,-0.02,41
102/05/08,1923000,1227620,0.55,0.67,0.55,0.67,0.13,63
102/05/09,3728000,2917680,0.70,0.82,0.70,0.79,0.12,105
102/05/10,1746000,1257810,0.83,0.83,0.67,0.70,-0.09,75
102/05/13,1954000,1260360,0.70,0.71,0.61,0.61,-0.09,77
102/05/14,2616000,1532330,0.61,0.63,0.56,0.56,-0.05,75
102/05/15,3429000,1616630,0.50,0.50,0.42,0.49,-0.07,143
102/05/16,2533000,1263000,0.50,0.54,0.46,0.50,0.01,112
102/05/17,1211000,569230,0.51,0.51,0.46,0.48,-0.02,59
102/05/20,3499000,1448670,0.48,0.48,0.38,0.39,-0.09,131
102/05/21,1823000,734630,0.40,0.43,0.39,0.40,0.01,59
102/05/22,2856000,1243270,0.42,0.44,0.42,0.43,0.03,77
102/05/23,2991000,1174980,0.45,0.45,0.37,0.38,-0.05,95
102/05/24,2546000,934040,0.40,0.41,0.35,0.37,-0.01,93
102/05/27,1637000,584310,0.36,0.37,0.35,0.36,-0.01,62
102/05/28,2049000,725280,0.36,0.37,0.34,0.35,-0.01,64
102/05/29,2238000,853040,0.36,0.42,0.36,0.41,0.06,101
102/05/30,1794000,653300,0.37,0.39,0.35,0.35,-0.06,140
102/05/31,1952000,678660,0.37,0.37,0.33,0.33,-0.02,149
102/06/03,931000,290710,0.32,0.34,0.29,0.33,,120
102/06/04,765000,232610,0.35,0.35,0.29,0.31,-0.02,55
102/06/05,249000,77840,0.30,0.33,0.29,0.33,0.02,24
102/06/06,3821000,956630,0.30,0.30,0.23,0.23,-0.10,203
102/06/07,1188000,289690,0.25,0.26,0.23,0.26,0.03,79
102/06/10,1267000,328340,0.25,0.28,0.25,0.27,0.01,89
102/06/11,1068000,255970,0.25,0.26,0.22,0.23,-0.04,82
102/06/13,2261000,408040,0.20,0.21,0.17,0.17,-0.06,130
102/06/14,1298000,215000,0.18,0.19,0.15,0.16,-0.01,89
102/06/17,2439000,356670,0.15,0.17,0.13,0.15,-0.01,178
102/06/18,1300000,179120,0.14,0.16,0.13,0.15,,124
102/06/19,2194000,326730,0.15,0.17,0.13,0.15,,167
102/06/20,1671000,215030,0.13,0.14,0.12,0.12,-0.03,143
102/06/21,1488000,164290,0.11,0.13,0.10,0.13,0.01,130
102/06/24,1967000,253770,0.12,0.15,0.11,0.13,,135
102/06/25,1360000,162800,0.11,0.15,0.11,0.11,-0.02,136
102/06/26,1893000,235610,0.12,0.14,0.12,0.13,0.02,157
102/06/27,1455000,177370,0.14,0.14,0.11,0.12,-0.01,108
102/06/28,2030000,265830,0.13,0.14,0.12,0.13,0.01,91
102/07/01,968000,126260,0.12,0.14,0.12,0.14,0.01,48
102/07/02,1876000,256650,0.14,0.15,0.12,0.13,-0.01,65
102/07/03,2710000,321710,0.13,0.13,0.11,0.12,-0.01,78
102/07/04,2762000,291310,0.11,0.12,0.10,0.10,-0.02,117
102/07/05,2249000,275120,0.11,0.13,0.11,0.13,0.03,70
102/07/08,3533000,382700,0.13,0.13,0.10,0.12,-0.01,161
102/07/09,1415000,168240,0.12,0.13,0.11,0.13,0.01,80
102/07/10,5144000,734130,0.13,0.16,0.13,0.15,0.02,129
102/07/11,6066000,1136740,0.16,0.20,0.16,0.20,0.05,171
102/07/12,5593000,1059040,0.22,0.22,0.18,0.19,-0.01,139
102/07/15,5219000,995280,0.18,0.21,0.17,0.19,,124
102/07/16,7238000,1304610,0.20,0.20,0.17,0.18,-0.01,168
102/07/17,5181000,881540,0.17,0.19,0.16,0.17,-0.01,119
102/07/18,5667000,963300,0.17,0.18,0.16,0.18,0.01,160
102/07/19,4079000,665800,0.17,0.17,0.16,0.17,-0.01,129
102/07/22,3045000,497360,0.15,0.18,0.15,0.16,-0.01,91
102/07/23,2562000,406320,0.17,0.17,0.15,0.16,,63
102/07/24,4961000,834720,0.16,0.18,0.16,0.17,0.01,103
102/07/25,2690000,475580,0.18,0.19,0.17,0.18,0.01,79
102/07/26,2367000,407090,0.19,0.19,0.16,0.17,-0.01,62
102/07/29,1710000,270420,0.17,0.17,0.15,0.15,-0.02,52
102/07/30,1976000,299490,0.16,0.16,0.14,0.16,0.01,54
102/07/31,2916000,431790,0.16,0.16,0.13,0.15,-0.01,75
102/08/01,6422000,787550,0.15,0.15,0.11,0.12,-0.03,189
102/08/02,2205000,267960,0.13,0.14,0.12,0.12,,87
102/08/05,2326000,302680,0.13,0.14,0.12,0.13,0.01,60
102/08/06,1203000,150030,0.14,0.14,0.12,0.12,-0.01,32
102/08/07,1809000,196000,0.12,0.12,0.10,0.11,-0.01,57
102/08/08,1506000,162690,0.11,0.11,0.10,0.10,-0.01,43
102/08/09,2050000,203870,0.10,0.10,0.09,0.10,,50
102/08/12,2306000,248900,0.10,0.12,0.10,0.11,0.01,62
102/08/13,1338000,154630,0.11,0.13,0.11,0.12,0.01,44
102/08/14,1898000,220190,0.12,0.13,0.11,0.12,,48
102/08/15,1545000,159170,0.11,0.11,0.10,0.11,-0.01,46
102/08/16,2830000,292940,0.11,0.12,0.10,0.10,-0.01,69
102/08/19,1127000,113610,0.10,0.11,0.10,0.10,,27
102/08/20,2051000,226780,0.11,0.12,0.11,0.12,0.02,49
102/08/22,714000,81480,0.12,0.12,0.10,0.11,-0.01,32
102/08/23,1412000,169190,0.12,0.13,0.11,0.12,0.01,53
102/08/26,380000,45900,0.12,0.13,0.11,0.13,0.01,21
102/08/27,635000,73470,0.13,0.13,0.11,0.12,-0.01,29
102/08/28,696000,70920,0.11,0.11,0.10,0.11,-0.01,22
102/08/29,1091000,111400,0.11,0.11,0.10,0.11,,32
102/08/30,161000,16210,0.10,0.11,0.10,0.11,,7
102/09/02,420000,44730,0.11,0.11,0.10,0.11,,19
102/09/03,1314000,150250,0.11,0.12,0.10,0.12,0.01,39
102/09/04,670000,69530,0.11,0.11,0.10,0.11,-0.01,26
102/09/05,1252000,137030,0.11,0.12,0.10,0.10,-0.01,38
102/09/06,3051000,335440,0.10,0.12,0.10,0.12,0.02,70
102/09/09,14442000,2355380,0.12,0.20,0.12,0.19,0.07,334
102/09/10,2714000,501200,0.18,0.21,0.17,0.18,-0.01,126
102/09/11,1540000,233590,0.17,0.18,0.13,0.15,-0.03,81
102/09/12,809000,115230,0.15,0.15,0.12,0.15,,47
102/09/13,382000,54970,0.15,0.17,0.13,0.15,,21
102/09/14,475000,63600,0.15,0.15,0.13,0.14,-0.01,27
102/09/16,869000,124430,0.15,0.15,0.14,0.15,0.01,39
102/09/17,296000,41590,0.14,0.15,0.14,0.15,,11
102/09/18,680000,100650,0.15,0.16,0.14,0.16,0.01,31
102/09/23,504000,71420,0.15,0.15,0.13,0.13,-0.03,21
102/09/24,787000,117910,0.15,0.16,0.14,0.16,0.03,29
102/09/25,358000,52050,0.14,0.15,0.14,0.15,-0.01,16
102/09/26,783000,105270,0.14,0.14,0.13,0.14,-0.01,27
102/09/27,697000,95990,0.14,0.14,0.13,0.14,,26
102/09/30,1145000,136580,0.14,0.14,0.11,0.11,-0.03,41
102/10/01,591000,66130,0.13,0.13,0.11,0.12,0.01,25
102/10/02,1112000,116060,0.11,0.11,0.10,0.10,-0.02,37
102/10/03,763000,87070,0.11,0.12,0.11,0.12,0.02,28
102/10/04,918000,99100,0.12,0.12,0.10,0.11,-0.01,31
102/10/07,1204000,120410,0.10,0.11,0.10,0.10,-0.01,41
102/10/08,284000,30240,0.10,0.11,0.10,0.11,0.01,9
102/10/09,207000,21100,0.11,0.11,0.10,0.11,,9
102/10/11,1001000,105370,0.12,0.12,0.10,0.10,-0.01,37
102/10/14,1764000,127130,0.08,0.10,0.06,0.08,-0.02,68
102/10/15,603000,42640,0.08,0.08,0.06,0.07,-0.01,22
102/10/16,563000,35680,0.08,0.08,0.06,0.07,,24
102/10/17,1027000,68570,0.07,0.08,0.06,0.08,0.01,33
102/10/18,785000,68090,0.08,0.09,0.08,0.09,0.01,30
102/10/21,558000,50670,0.10,0.10,0.08,0.09,,28
102/10/22,205000,16400,0.08,0.08,0.08,0.08,-0.01,8
102/10/23,232000,19280,0.09,0.09,0.08,0.08,,15
102/10/24,134000,10700,0.08,0.08,0.07,0.07,-0.01,8
102/10/25,611000,48180,0.08,0.08,0.07,0.07,,21
102/10/28,327000,26160,0.08,0.08,0.08,0.08,0.01,16
102/10/29,713000,56390,0.08,0.09,0.07,0.07,-0.01,23
102/10/30,240000,17300,0.07,0.08,0.07,0.08,0.01,10
102/10/31,127000,8890,0.07,0.07,0.07,0.07,-0.01,3
102/11/01,280000,19600,0.07,0.07,0.07,0.07,,11
102/11/04,626000,42020,0.06,0.07,0.06,0.06,-0.01,18
102/11/05,655000,34610,0.06,0.07,0.04,0.05,-0.01,19
102/11/06,370000,17000,0.05,0.05,0.04,0.04,-0.01,14
102/11/07,580000,26060,0.05,0.05,0.04,0.05,0.01,14
102/11/08,0,0,--,--,--,--,,0
102/11/11,460000,20200,0.06,0.06,0.04,0.05,X,18
102/11/12,248000,9920,0.04,0.04,0.04,0.04,-0.01,5
102/11/13,70000,3000,0.05,0.05,0.04,0.05,0.01,4
102/11/14,538000,25500,0.05,0.05,0.04,0.04,-0.01,14
102/11/15,235000,8650,0.04,0.05,0.03,0.05,0.01,9
102/11/18,194000,6620,0.04,0.04,0.03,0.03,-0.02,10
102/11/19,397000,12900,0.04,0.04,0.03,0.03,,9
102/11/20,398000,11940,0.03,0.03,0.03,0.03,,10
102/11/21,294000,5880,0.02,0.02,0.02,0.02,-0.01,7
102/11/22,74000,1270,0.02,0.02,0.01,0.01,-0.01,4
102/11/25,613000,7120,0.02,0.02,0.01,0.01,,18
102/11/26,170000,1700,0.01,0.01,0.01,0.01,,5
102/11/27,0,0,--,--,--,--,,0
102/11/28,1416000,14160,0.01,0.01,0.01,0.01,X,24
102/11/29,550000,9100,0.01,0.02,0.01,0.01,,14
102/12/02,1562000,15620,0.01,0.01,0.01,0.01,,23
102/12/03,282000,2820,0.01,0.01,0.01,0.01,,4
102/12/04,640000,6400,0.01,0.01,0.01,0.01,,10
102/12/05,1753000,17530,0.01,0.01,0.01,0.01,,23
102/12/06,657000,6570,0.01,0.01,0.01,0.01,,10
102/12/09,370000,3700,0.01,0.01,0.01,0.01,,4
102/12/10,1519000,15190,0.01,0.01,0.01,0.01,,18
102/12/11,1554000,15540,0.01,0.01,0.01,0.01,,21
102/12/12,2746000,27460,0.01,0.01,0.01,0.01,,38
102/12/13,924000,9240,0.01,0.01,0.01,0.01,,6
102/12/16,582000,5820,0.01,0.01,0.01,0.01,,12
102/12/17,1569000,15690,0.01,0.01,0.01,0.01,,22
102/12/18,1569000,15690,0.01,0.01,0.01,0.01,,17
102/12/19,485000,4860,0.01,0.02,0.01,0.02,0.01,7
102/12/20,500000,5000,0.01,0.01,0.01,0.01,-0.01,8
102/12/23,3658000,36580,0.01,0.01,0.01,0.01,,47
102/12/24,2709000,27090,0.01,0.01,0.01,0.01,,37
102/12/25,0,0,--,--,--,--,,0
102/12/26,10000,100,0.01,0.01,0.01,0.01,X,1
102/12/27,0,0,--,--,--,--,,0
102/12/30,4141000,41410,0.01,0.01,0.01,0.01,X,57
102/12/31,0,0,--,--,--,--,,0
103/01/02,0,0,--,--,--,--,,0
103/01/03,0,0,--,--,--,--,,0
103/01/06,1000,10,0.01,0.01,0.01,0.01,X,1
106/07/06,0,0,--,--,--,--,0.00,0
106/07/07,0,0,--,--,--,--,0.00,0
106/07/10,291000,189150,0.65,0.65,0.65,0.65,0.00,10
106/07/11,745000,518420,0.66,0.74,0.65,0.74,0.09,12
106/07/12,1397000,1064940,0.76,0.77,0.75,0.77,0.03,23
106/07/13,1892000,1674840,0.80,1.01,0.79,1.01,0.24,45
106/07/14,1506000,1393830,0.93,0.95,0.85,0.90,-0.11,23
106/07/17,971000,857450,0.91,0.91,0.83,0.83,-0.07,15
106/07/18,899000,731960,0.82,0.82,0.81,0.82,-0.01,17
106/07/19,1649000,1470240,0.87,1.00,0.87,0.96,0.14,25
106/07/20,3401000,3593570,1.06,1.12,1.04,1.11,0.15,52
106/07/21,433000,405500,0.99,0.99,0.90,0.90,-0.21,10
106/07/24,63000,56480,0.91,0.91,0.88,0.88,-0.02,10
106/07/25,126000,118920,0.96,0.98,0.93,0.98,0.10,11
106/07/26,1733000,1956170,1.07,1.19,1.07,1.15,0.17,23
106/07/27,2445000,1823400,0.81,0.81,0.70,0.77,-0.38,55
106/07/28,535000,356800,0.72,0.74,0.62,0.63,-0.14,27
106/07/31,752000,462170,0.63,0.65,0.60,0.60,-0.03,19
106/08/01,392000,221660,0.57,0.60,0.55,0.60,0.00,15
106/08/02,342000,188180,0.61,0.61,0.54,0.57,-0.03,15
106/08/03,752000,462170,0.63,0.65,0.60,0.60,-0.03,19
106/08/04,1103000,608470,0.65,0.65,0.51,0.59,0.05,25
106/08/07,1004000,595280,0.58,0.61,0.58,0.60,0.01,17
106/08/08,594000,372900,0.64,0.64,0.60,0.63,0.03,15
106/08/09,187000,113610,0.60,0.62,0.60,0.61,-0.02,9
106/08/10,1120000,716960,0.66,0.67,0.61,0.62,0.01,18
106/08/11,1004000,598800,0.58,0.63,0.58,0.61,-0.01,17
106/08/14,490000,308000,0.64,0.64,0.60,0.63,0.02,12
106/08/15,223000,139920,0.64,0.64,0.62,0.62,-0.01,4
106/08/16,62000,38100,0.61,0.62,0.61,0.62,0.00,2
106/08/17,58000,36540,0.63,0.63,0.63,0.63,0.01,3
106/08/18,31000,19220,0.62,0.62,0.62,0.62,-0.01,2
106/08/21,510000,329090,0.62,0.66,0.62,0.66,0.04,6
106/08/22,449000,294290,0.67,0.67,0.65,0.65,-0.01,6
106/08/23,27000,18630,0.69,0.69,0.69,0.69,0.04,1
106/08/24,520000,390220,0.70,0.92,0.70,0.92,0.23,12
106/08/25,537000,461550,0.89,0.89,0.83,0.87,-0.05,13
106/08/28,15000,13600,0.92,0.92,0.90,0.90,0.03,2
106/08/29,286000,253490,0.85,0.90,0.85,0.88,-0.02,9
106/08/30,588000,491970,0.89,0.89,0.79,0.82,-0.06,10
106/08/31,914000,856320,0.87,0.99,0.85,0.94,0.12,11
106/09/01,1319000,1528300,0.95,1.44,0.95,1.36,0.42,39
106/09/04,1804000,2689700,1.37,1.62,1.37,1.49,0.13,56
106/09/05,807000,1159700,1.48,1.54,1.35,1.54,0.05,28
106/09/06,158000,213880,1.39,1.41,1.25,1.34,-0.20,13
106/09/07,746000,1137520,1.34,1.64,1.33,1.41,0.07,30
106/09/08,345000,489870,1.47,1.47,1.35,1.36,-0.05,14
106/09/11,36000,48160,1.41,1.41,1.30,1.30,-0.06,4
106/09/12,166000,203250,1.24,1.25,1.20,1.23,-0.07,10
106/09/13,421000,495450,1.25,1.26,1.12,1.14,-0.09,18
106/09/14,1347000,1598380,1.13,1.24,1.08,1.24,0.10,28
106/09/15,935000,1038910,1.16,1.16,1.04,1.07,-0.17,24
106/09/18,584000,664510,1.07,1.19,1.07,1.15,0.08,21
106/09/19,621000,761130,1.26,1.28,1.18,1.18,0.03,15
106/09/20,432000,484220,1.18,1.19,1.05,1.05,-0.13,13
106/09/21,618000,655000,1.04,1.09,1.04,1.07,0.02,16
106/09/22,471000,523120,1.14,1.14,0.99,0.99,-0.08,11
106/09/25,270000,256800,1.01,1.01,0.88,0.89,-0.10,9
106/09/26,607000,543850,0.86,0.97,0.85,0.90,0.01,14
106/09/27,483000,445020,0.92,0.94,0.88,0.88,-0.02,9
106/09/28,338000,310750,0.91,0.97,0.89,0.92,0.04,12
106/09/29,340000,301890,0.93,0.93,0.84,0.84,-0.08,7
106/09/30,140000,116550,0.85,0.87,0.78,0.78,-0.06,9
106/10/02,72000,60900,0.85,0.85,0.83,0.83,0.05,2
106/10/03,540000,524400,0.87,1.16,0.87,1.12,0.29,14
106/10/05,512000,563080,1.12,1.14,1.04,1.04,-0.08,17
106/10/06,206000,197700,0.99,0.99,0.95,0.95,-0.09,4
106/10/11,529000,563170,1.06,1.14,1.00,1.04,0.09,34
106/10/12,189000,206010,1.17,1.17,1.05,1.05,0.01,7
106/10/13,710000,806200,1.11,1.19,1.09,1.13,0.08,25
106/10/16,564000,624160,1.10,1.14,1.08,1.10,-0.03,20
106/10/17,214000,223540,1.05,1.05,1.03,1.03,-0.07,9
106/10/18,321000,348910,1.13,1.13,1.05,1.05,0.02,10
106/10/19,138000,146600,1.10,1.14,0.96,0.96,-0.09,8
106/10/20,244000,215880,0.91,0.91,0.86,0.86,-0.10,7
106/10/23,82000,77860,0.97,0.99,0.91,0.91,0.05,6
106/10/24,125000,112030,0.92,0.92,0.89,0.89,-0.02,3
106/10/25,0,0,--,--,--,--,0.00,0
106/10/26,381000,316930,0.76,0.88,0.76,0.84,0.00,10
106/10/27,221000,192870,0.89,0.89,0.82,0.82,-0.02,7
106/10/30,630000,593750,0.89,0.98,0.89,0.94,0.12,15
106/10/31,164000,153760,0.96,0.96,0.89,0.89,-0.05,9
106/11/01,394000,330960,0.84,0.84,0.84,0.84,-0.05,3
106/11/02,10000,8300,0.83,0.83,0.83,0.83,-0.01,1
106/11/03,160000,136100,0.85,0.86,0.85,0.85,0.02,7
106/11/06,694000,533320,0.80,0.80,0.73,0.73,-0.12,15
106/11/07,312000,235080,0.75,0.77,0.74,0.77,0.04,13
106/11/08,262000,196520,0.76,0.76,0.74,0.75,-0.02,3
106/11/09,860000,754250,0.79,0.99,0.78,0.86,0.11,46
106/11/10,579000,517180,0.92,0.97,0.85,0.91,0.05,40
106/11/13,67000,58320,0.87,0.88,0.86,0.86,-0.05,5
106/11/14,175000,153650,0.85,0.92,0.85,0.90,0.04,7
106/11/15,84000,71840,0.86,0.86,0.84,0.84,-0.06,3
106/11/16,108000,86480,0.78,0.87,0.78,0.87,0.03,3
106/11/17,296000,253320,0.87,0.87,0.83,0.84,-0.03,9
106/11/20,513000,469800,0.86,0.95,0.86,0.91,0.07,32
106/11/21,1448000,1465530,0.93,1.08,0.92,1.02,0.11,60
106/11/22,1127000,1179430,1.05,1.07,1.00,1.01,-0.01,33
106/11/23,325000,311220,0.98,0.98,0.92,0.93,-0.08,17
106/11/24,586000,552000,0.94,0.98,0.93,0.93,0.00,21
106/11/27,489000,425160,0.92,0.92,0.83,0.83,-0.10,16
106/11/28,196000,168660,0.89,0.89,0.83,0.83,0.00,6
106/11/29,278000,230560,0.86,0.86,0.77,0.77,-0.06,6
106/11/30,169000,118090,0.71,0.71,0.67,0.67,-0.10,4
106/12/01,458000,293600,0.64,0.73,0.63,0.73,0.06,6
106/12/04,485000,367850,0.69,0.78,0.69,0.76,0.03,12
106/12/05,380000,281800,0.75,0.75,0.70,0.70,-0.06,12
106/12/06,290000,181900,0.65,0.65,0.57,0.57,-0.13,5
106/12/07,405000,220300,0.58,0.61,0.46,0.46,-0.11,9
106/12/08,240000,115200,0.48,0.49,0.45,0.45,-0.01,6
106/12/11,72000,38140,0.50,0.59,0.50,0.59,0.14,8
106/12/12,33000,18810,0.57,0.57,0.57,0.57,-0.02,1
106/12/13,99000,49620,0.48,0.51,0.48,0.51,-0.06,3
106/12/14,13000,7280,0.56,0.56,0.56,0.56,0.05,1
106/12/15,70000,30700,0.43,0.47,0.43,0.47,-0.09,4
106/12/18,3000,1290,0.43,0.43,0.43,0.43,-0.04,1
106/12/19,0,0,--,--,--,--,0.00,0
106/12/20,15000,6150,0.43,0.43,0.40,0.40,0.00,3
106/12/21,3000,1340,0.44,0.45,0.44,0.45,0.05,3
106/12/22,33000,12480,0.36,0.38,0.36,0.38,-0.07,4
106/12/25,10000,4000,0.40,0.40,0.40,0.40,0.02,1
106/12/26,60000,19550,0.37,0.37,0.31,0.31,-0.09,5
106/12/27,0,0,--,--,--,--,0.00,0
106/12/28,0,0,--,--,--,--,0.00,0
106/12/29,0,0,--,--,--,--,0.00,0
107/01/02,0,0,--,--,--,--,0.00,0
107/01/03,159000,57240,0.36,0.36,0.36,0.36,0.00,4
107/01/04,149000,50170,0.34,0.34,0.33,0.33,-0.03,3
107/01/05,200000,66500,0.32,0.35,0.32,0.35,0.02,6
107/01/08,527000,192750,0.35,0.39,0.35,0.38,0.03,14
107/01/09,459000,166300,0.37,0.37,0.36,0.36,-0.02,10
107/01/10,190000,60000,0.37,0.37,0.27,0.27,-0.09,10
107/01/11,53000,13880,0.26,0.27,0.26,0.26,-0.01,3
107/01/12,36000,9880,0.28,0.28,0.27,0.27,0.01,4
107/01/13,3000,1290,0.43,0.43,0.43,0.43,-0.04,1
107/01/15,60000,16200,0.27,0.27,0.27,0.27,0.00,1
107/01/16,0,0,--,--,--,--,0.00,0
107/01/17,10000,2800,0.28,0.28,0.28,0.28,0.00,1
107/01/18,14000,3920,0.28,0.28,0.28,0.28,0.00,2
107/01/19,59000,14380,0.26,0.26,0.24,0.24,-0.04,5
107/01/22,32000,7070,0.24,0.24,0.21,0.22,-0.02,4
107/01/23,805000,261340,0.25,0.40,0.25,0.32,0.10,106
107/01/24,60000,16900,0.28,0.29,0.26,0.29,-0.03,4
107/01/25,756000,295130,0.35,0.43,0.33,0.33,0.04,18
107/01/26,75000,22700,0.32,0.32,0.30,0.30,-0.03,9
107/01/29,69000,23670,0.33,0.38,0.30,0.30,0.00,7
107/01/30,29000,8590,0.31,0.31,0.29,0.29,-0.01,4
107/01/31,35000,8800,0.26,0.26,0.24,0.24,-0.05,4
107/02/01,120000,33500,0.28,0.28,0.27,0.27,0.03,5
107/02/02,46000,11140,0.24,0.29,0.24,0.29,0.02,2
107/02/05,16000,3890,0.20,0.27,0.20,0.25,-0.04,4
107/02/06,68000,13020,0.20,0.20,0.19,0.19,-0.06,7
107/02/07,13000,2990,0.23,0.23,0.23,0.23,0.04,3
107/02/08,0,0,--,--,--,--,0.00,0
107/02/09,0,0,--,--,--,--,0.00,0
107/02/12,50000,10000,0.20,0.20,0.20,0.20,0.00,3
107/02/21,1000,200,0.20,0.20,0.20,0.20,0.00,1
107/02/22,0,0,--,--,--,--,0.00,0
107/02/23,7000,1120,0.16,0.16,0.16,0.16,0.00,1
107/02/26,37000,6660,0.18,0.18,0.18,0.18,0.02,3
107/02/27,14000,2240,0.16,0.16,0.16,0.16,-0.02,2
107/03/01,0,0,--,--,--,--,0.00,0
107/03/02,0,0,--,--,--,--,0.00,0
107/03/05,0,0,--,--,--,--,0.00,0
107/03/06,0,0,--,--,--,--,0.00,0
107/03/07,0,0,--,--,--,--,0.00,0
107/03/08,241000,115070,0.25,0.59,0.25,0.59,0.00,29
107/03/09,115000,50400,0.44,0.44,0.40,0.40,-0.19,8
107/03/12,16000,6880,0.40,0.47,0.40,0.46,0.06,8
107/03/13,20000,7000,0.30,0.40,0.30,0.40,-0.06,3
107/03/14,3000,900,0.30,0.30,0.30,0.30,-0.10,2
107/03/15,0,0,--,--,--,--,0.00,0
107/03/16,0,0,--,--,--,--,0.00,0
107/03/19,0,0,--,--,--,--,0.00,0
107/03/20,10000,2700,0.27,0.27,0.27,0.27,0.00,1
107/03/21,2000,540,0.27,0.27,0.27,0.27,0.00,1
107/03/22,0,0,--,--,--,--,0.00,0
107/03/23,50000,12500,0.25,0.25,0.25,0.25,0.00,1
107/03/26,50000,12500,0.25,0.25,0.25,0.25,0.00,1
107/03/27,21000,6600,0.30,0.36,0.30,0.36,0.11,2
107/03/28,0,0,--,--,--,--,0.00,0
107/03/29,0,0,--,--,--,--,0.00,0
107/03/30,0,0,--,--,--,--,0.00,0
107/03/31,0,0,--,--,--,--,0.00,0
107/04/02,0,0,--,--,--,--,0.00,0
107/04/03,0,0,--,--,--,--,0.00,0
107/04/09,0,0,--,--,--,--,0.00,0
107/04/10,0,0,--,--,--,--,0.00,0
107/04/11,2000,660,0.33,0.33,0.33,0.33,0.00,1
107/04/12,51000,14790,0.29,0.29,0.29,0.29,-0.04,1
107/04/13,94000,28200,0.30,0.30,0.30,0.30,0.01,2
107/04/16,0,0,--,--,--,--,0.00,0
107/04/17,0,0,--,--,--,--,0.00,0
107/04/18,0,0,--,--,--,--,0.00,0
107/04/19,55000,22960,0.42,0.42,0.41,0.41,0.00,6
107/04/20,10000,3300,0.33,0.33,0.33,0.33,-0.08,1
107/04/23,0,0,--,--,--,--,0.00,0
107/04/24,0,0,--,--,--,--,0.00,0
107/04/25,0,0,--,--,--,--,0.00,0
107/04/26,0,0,--,--,--,--,0.00,0
107/04/27,0,0,--,--,--,--,0.00,0
107/04/30,5000,2350,0.47,0.47,0.47,0.47,0.00,1
107/05/02,158000,75070,0.68,0.68,0.47,0.50,0.03,6
107/05/03,0,0,--,--,--,--,0.00,0
107/05/04,0,0,--,--,--,--,0.00,0
107/05/07,10000,3300,0.33,0.33,0.33,0.33,0.00,1
107/05/08,10000,3300,0.33,0.33,0.33,0.33,0.00,1
107/05/09,21000,8270,0.47,0.47,0.39,0.39,0.06,2
107/05/10,0,0,--,--,--,--,0.00,0
107/05/11,18000,6200,0.34,0.42,0.34,0.42,0.00,2
107/05/14,0,0,--,--,--,--,0.00,0
107/05/15,0,0,--,--,--,--,0.00,0
107/05/16,0,0,--,--,--,--,0.00,0
107/05/17,0,0,--,--,--,--,0.00,0
107/05/18,0,0,--,--,--,--,0.00,0
107/05/21,16000,4320,0.27,0.27,0.27,0.27,0.00,2
107/05/22,112000,39200,0.35,0.35,0.35,0.35,0.08,2
107/05/23,233000,59770,0.37,0.37,0.25,0.26,-0.09,7
107/05/24,0,0,--,--,--,--,0.00,0
107/05/25,0,0,--,--,--,--,0.00,0
107/05/28,0,0,--,--,--,--,0.00,0
107/05/29,18000,5220,0.29,0.29,0.29,0.29,0.00,1
107/05/30,32000,11700,0.39,0.39,0.30,0.36,0.07,4
107/05/31,5000,1950,0.39,0.39,0.39,0.39,0.03,1
107/06/01,0,0,--,--,--,--,0.00,0
107/06/04,0,0,--,--,--,--,0.00,0
107/06/05,0,0,--,--,--,--,0.00,0
107/06/06,60000,12600,0.21,0.21,0.21,0.21,0.00,2
107/06/07,10000,3000,0.30,0.30,0.30,0.30,0.09,1
107/06/08,14000,2520,0.18,0.18,0.18,0.18,-0.12,1
107/06/11,0,0,--,--,--,--,0.00,0
107/06/12,0,0,--,--,--,--,0.00,0
107/06/13,239000,232830,0.90,1.28,0.90,1.15,0.00,16
107/06/14,83000,73470,1.02,1.02,0.82,0.85,-0.30,7
107/06/15,6000,6140,0.96,1.10,0.96,1.10,0.25,4
107/06/19,2000,1780,0.89,0.89,0.89,0.89,-0.21,2
107/06/20,11000,8030,0.73,0.73,0.73,0.73,-0.16,2
107/06/21,0,0,--,--,--,--,0.00,0
107/06/22,0,0,--,--,--,--,0.00,0
107/06/25,0,0,--,--,--,--,0.00,0
107/06/26,0,0,--,--,--,--,0.00,0
107/06/27,15000,7400,0.46,0.52,0.34,0.34,0.00,6
107/06/28,3000,670,0.26,0.26,0.15,0.15,-0.19,2
107/06/29,0,0,--,--,--,--,0.00,0
107/07/02,38000,24340,0.63,0.73,0.63,0.63,0.00,4
107/07/03,244000,105820,0.52,0.52,0.40,0.40,-0.23,10
107/07/12,14000,3920,0.28,0.28,0.28,0.28,0.00,2
