101/11/22,5000,2500,0.50,0.50,0.50,0.50,-0.10,1
101/11/23,60000,29800,0.50,0.50,0.49,0.49,-0.01,3
101/11/26,125000,54550,0.45,0.45,0.43,0.43,-0.06,7
101/11/27,35000,15200,0.42,0.44,0.42,0.44,0.01,2
101/11/28,20000,8600,0.43,0.43,0.43,0.43,-0.01,1
101/11/29,82000,33620,0.41,0.42,0.40,0.40,-0.03,7
101/11/30,1082000,389350,0.38,0.38,0.34,0.37,-0.03,41
101/12/03,449000,162060,0.38,0.38,0.35,0.36,-0.01,16
101/12/04,1140000,368890,0.35,0.35,0.31,0.31,-0.05,32
101/12/05,117000,34300,0.30,0.30,0.29,0.29,-0.02,6
101/12/06,152000,44050,0.29,0.30,0.28,0.30,0.01,11
101/12/07,222000,72440,0.31,0.35,0.31,0.35,0.05,12
101/12/10,300000,93150,0.34,0.34,0.30,0.31,-0.04,13
101/12/11,55000,17350,0.31,0.33,0.31,0.32,0.01,3
101/12/12,265000,77150,0.29,0.30,0.28,0.28,-0.04,15
101/12/13,245000,65900,0.28,0.28,0.26,0.28,,10
101/12/14,455000,125150,0.28,0.29,0.27,0.28,,13
101/12/17,1204000,359510,0.27,0.30,0.27,0.30,0.02,36
101/12/18,395000,119550,0.29,0.32,0.29,0.29,-0.01,17
101/12/19,235000,67250,0.28,0.29,0.28,0.29,,10
101/12/20,270000,78300,0.30,0.30,0.28,0.29,,7
101/12/21,171000,49300,0.29,0.30,0.28,0.28,-0.01,6
101/12/22,213000,57510,0.27,0.27,0.27,0.27,-0.01,9
101/12/24,80000,21700,0.28,0.28,0.27,0.27,,4
101/12/25,130000,34700,0.27,0.27,0.26,0.26,-0.01,5
101/12/26,165000,42900,0.26,0.26,0.26,0.26,,6
101/12/27,363000,80110,0.24,0.24,0.21,0.22,-0.04,13
101/12/28,418000,82900,0.20,0.20,0.19,0.20,-0.02,9
102/01/02,363000,65390,0.18,0.19,0.18,0.19,-0.01,9
102/01/03,205000,40250,0.19,0.20,0.19,0.20,0.01,8
102/01/04,365000,79200,0.22,0.22,0.21,0.22,0.02,10
102/01/07,90000,19500,0.22,0.22,0.21,0.21,-0.01,4
102/01/08,622000,154490,0.22,0.26,0.22,0.25,0.04,21
102/01/09,190000,44300,0.24,0.24,0.23,0.23,-0.02,8
102/01/10,298000,71220,0.23,0.24,0.23,0.24,0.01,10
102/01/11,88000,20240,0.23,0.23,0.23,0.23,-0.01,4
102/01/14,393000,85010,0.23,0.23,0.20,0.20,-0.03,11
102/01/15,290000,53700,0.19,0.19,0.17,0.19,-0.01,8
102/01/16,289000,52020,0.18,0.18,0.18,0.18,-0.01,11
102/01/17,498000,91700,0.16,0.20,0.16,0.20,0.02,13
102/01/18,200000,36700,0.18,0.19,0.18,0.19,-0.01,5
102/01/21,250000,42350,0.17,0.18,0.16,0.16,-0.03,7
102/01/22,150000,23600,0.16,0.16,0.15,0.15,-0.01,3
102/01/23,193000,33410,0.17,0.18,0.17,0.17,0.02,6
102/01/24,0,0,--,--,--,--,,0
102/01/25,290000,46900,0.17,0.17,0.16,0.16,X,7
102/01/28,185000,30350,0.16,0.17,0.16,0.17,0.01,5
102/01/29,0,0,--,--,--,--,,0
102/01/30,280000,41900,0.13,0.16,0.13,0.15,X,7
102/01/31,120000,17800,0.15,0.15,0.14,0.14,-0.01,3
102/02/01,190000,25700,0.14,0.14,0.13,0.13,-0.01,3
102/02/04,120000,18000,0.15,0.15,0.15,0.15,0.02,2
102/02/05,15000,3000,0.20,0.20,0.20,0.20,0.05,1
102/02/06,662000,131660,0.25,0.25,0.18,0.18,-0.02,11
102/02/18,110000,17600,0.16,0.16,0.16,0.16,-0.02,2
102/02/19,87000,12850,0.15,0.15,0.14,0.14,-0.02,2
102/02/20,220000,30800,0.14,0.14,0.14,0.14,,4
102/02/21,30000,4200,0.14,0.14,0.14,0.14,,1
102/02/22,50000,7000,0.14,0.14,0.14,0.14,,1
102/02/23,100000,14000,0.14,0.14,0.14,0.14,,2
102/02/25,110000,15400,0.14,0.14,0.14,0.14,,2
102/02/26,50000,7000,0.14,0.14,0.14,0.14,,1
102/02/27,446000,55010,0.12,0.13,0.12,0.13,-0.01,5
102/03/01,102000,13260,0.13,0.13,0.13,0.13,,2
102/03/04,140000,16500,0.12,0.12,0.11,0.11,-0.02,3
102/03/05,616000,78200,0.12,0.14,0.12,0.13,0.02,8
102/03/06,447000,76840,0.16,0.19,0.16,0.18,0.05,8
102/03/07,655000,107580,0.17,0.17,0.15,0.15,-0.03,9
102/03/08,883000,145840,0.16,0.17,0.16,0.17,0.02,12
102/03/11,1467000,285770,0.18,0.20,0.18,0.19,0.02,20
102/03/12,670000,123820,0.20,0.20,0.18,0.19,,12
102/03/13,2012000,426780,0.19,0.23,0.19,0.22,0.03,29
102/03/14,592000,131740,0.22,0.23,0.20,0.22,,16
102/03/15,523000,124700,0.23,0.26,0.23,0.26,0.04,18
102/03/18,169000,37660,0.24,0.24,0.22,0.23,-0.03,8
102/03/19,422000,81840,0.20,0.21,0.18,0.18,-0.05,11
102/03/20,14000,2800,0.20,0.20,0.20,0.20,0.02,2
102/03/21,111000,24860,0.21,0.23,0.21,0.23,0.03,6
102/03/22,119000,24150,0.21,0.22,0.20,0.20,-0.03,4
102/03/25,629000,118790,0.18,0.20,0.18,0.20,,10
102/03/26,43000,8280,0.20,0.20,0.18,0.18,-0.02,8
102/03/27,623000,94710,0.15,0.17,0.15,0.17,-0.01,13
102/03/28,211000,39730,0.18,0.19,0.18,0.18,0.01,9
102/03/29,511000,93880,0.17,0.19,0.17,0.18,,13
102/04/01,71000,12780,0.18,0.18,0.18,0.18,,2
102/04/02,26000,4640,0.18,0.18,0.17,0.18,,3
102/04/03,30000,5400,0.18,0.18,0.18,0.18,,1
102/04/08,42000,7140,0.17,0.17,0.17,0.17,-0.01,3
102/04/09,307000,43460,0.14,0.15,0.14,0.14,-0.03,6
102/04/10,0,0,--,--,--,--,,0
102/04/11,32000,4160,0.13,0.13,0.13,0.13,X,1
102/04/12,103000,9900,0.10,0.10,0.09,0.09,-0.04,3
102/04/15,0,0,--,--,--,--,,0
102/04/16,40000,3800,0.10,0.10,0.09,0.09,X,3
102/04/17,0,0,--,--,--,--,,0
102/04/18,0,0,--,--,--,--,,0
102/04/19,60000,4800,0.08,0.08,0.08,0.08,X,1
102/04/22,0,0,--,--,--,--,,0
102/04/23,10000,600,0.06,0.06,0.06,0.06,X,1
102/04/24,0,0,--,--,--,--,,0
102/04/25,0,0,--,--,--,--,,0
102/04/26,0,0,--,--,--,--,,0
102/04/29,0,0,--,--,--,--,,0
102/04/30,495000,9900,0.02,0.02,0.02,0.02,X,5
102/05/02,5000,100,0.02,0.02,0.02,0.02,,1
102/05/03,188000,5640,0.03,0.03,0.03,0.03,0.01,2
102/05/06,0,0,--,--,--,--,,0
102/05/07,0,0,--,--,--,--,,0
102/05/08,0,0,--,--,--,--,,0
102/05/09,20000,400,0.02,0.02,0.02,0.02,X,1
102/05/10,0,0,--,--,--,--,,0
102/05/13,0,0,--,--,--,--,,0
102/05/14,0,0,--,--,--,--,,0
102/05/15,0,0,--,--,--,--,,0
102/05/16,0,0,--,--,--,--,,0
102/05/17,0,0,--,--,--,--,,0
102/05/20,0,0,--,--,--,--,,0
102/05/21,0,0,--,--,--,--,,0
102/05/22,0,0,--,--,--,--,,0
102/05/23,0,0,--,--,--,--,,0
102/05/24,0,0,--,--,--,--,,0
102/05/27,0,0,--,--,--,--,,0
102/05/28,0,0,--,--,--,--,,0
102/05/29,0,0,--,--,--,--,,0
102/05/30,0,0,--,--,--,--,,0
102/05/31,0,0,--,--,--,--,,0
102/06/03,0,0,--,--,--,--,,0
102/06/04,0,0,--,--,--,--,,0
102/06/05,30000,300,0.01,0.01,0.01,0.01,X,3
102/06/06,5000,50,0.01,0.01,0.01,0.01,,1
102/06/07,0,0,--,--,--,--,,0
102/06/10,0,0,--,--,--,--,,0
102/06/11,0,0,--,--,--,--,,0
102/06/13,0,0,--,--,--,--,,0
102/06/14,0,0,--,--,--,--,,0
102/06/17,0,0,--,--,--,--,,0
102/06/18,0,0,--,--,--,--,,0
102/06/19,0,0,--,--,--,--,,0
103/08/08,5000,4450,0.89,0.89,0.89,0.89,0.07,1
103/08/11,0,0,--,--,--,--,,0
103/08/12,10000,7850,0.80,0.80,0.77,0.77,X,2
103/08/13,0,0,--,--,--,--,,0
103/08/14,20000,16900,0.84,0.85,0.84,0.85,X,2
103/08/15,221000,181230,0.82,0.83,0.82,0.83,-0.02,3
103/08/18,200000,162000,0.81,0.81,0.81,0.81,-0.02,1
103/08/19,0,0,--,--,--,--,,0
103/08/20,231000,158620,0.72,0.73,0.68,0.73,X,4
103/08/21,200000,148000,0.74,0.74,0.74,0.74,0.01,1
103/08/22,106000,77380,0.73,0.73,0.73,0.73,-0.01,1
103/08/25,106000,75260,0.71,0.71,0.71,0.71,-0.02,1
103/08/26,170000,120700,0.71,0.71,0.71,0.71,,2
103/08/27,200000,134000,0.67,0.67,0.67,0.67,-0.04,4
103/08/28,2106000,1442950,0.64,0.74,0.64,0.72,0.05,19
103/08/29,1896000,1289120,0.68,0.69,0.67,0.67,-0.05,19
103/09/01,265000,167350,0.61,0.66,0.61,0.66,-0.01,4
103/09/02,105000,69300,0.66,0.66,0.66,0.66,,1
103/09/03,2945000,2100100,0.69,0.75,0.69,0.73,0.07,39
103/09/04,965000,709350,0.75,0.75,0.71,0.73,,13
103/09/05,290000,210200,0.73,0.73,0.72,0.72,-0.01,3
103/09/09,970000,683600,0.72,0.72,0.68,0.68,-0.04,14
103/09/10,1963000,1391210,0.71,0.72,0.70,0.71,0.03,22
103/09/11,506000,364320,0.72,0.72,0.72,0.72,0.01,11
103/09/12,1003000,742750,0.72,0.77,0.72,0.76,0.04,13
103/09/15,958000,738740,0.80,0.80,0.74,0.74,-0.02,18
103/09/16,845000,626360,0.74,0.76,0.73,0.76,0.02,10
103/09/17,145000,101880,0.71,0.72,0.70,0.72,-0.04,8
103/09/18,113000,81220,0.71,0.72,0.71,0.71,-0.01,4
103/09/19,699000,482310,0.69,0.69,0.69,0.69,-0.02,4
103/09/22,0,0,--,--,--,--,,0
103/09/23,269000,194880,0.71,0.75,0.71,0.72,X,5
103/09/24,156000,112250,0.70,0.76,0.70,0.75,0.03,6
103/09/25,515000,399610,0.77,0.79,0.77,0.78,0.03,10
103/09/26,1422000,1122700,0.79,0.82,0.76,0.76,-0.02,24
103/09/29,770000,561660,0.72,0.73,0.72,0.73,-0.03,13
103/09/30,1756000,1322860,0.74,0.77,0.74,0.75,0.02,20
103/10/01,1721000,1254080,0.74,0.75,0.70,0.70,-0.05,16
103/10/02,784000,563300,0.72,0.73,0.66,0.67,-0.03,14
103/10/03,1568000,1032770,0.68,0.68,0.64,0.64,-0.03,15
103/10/06,885000,575300,0.66,0.66,0.65,0.65,0.01,9
103/10/07,1487000,1035040,0.67,0.72,0.67,0.72,0.07,21
103/10/08,1226000,846240,0.70,0.70,0.69,0.69,-0.03,16
103/10/09,563000,405530,0.70,0.73,0.70,0.72,0.03,10
103/10/13,1655000,1350580,0.85,0.89,0.80,0.82,0.10,36
103/10/14,1395000,1165690,0.85,0.85,0.83,0.84,0.02,14
103/10/15,2595000,2408930,0.83,1.24,0.83,1.24,0.40,34
103/10/16,1799000,2106100,1.19,1.21,1.08,1.08,-0.16,37
103/10/17,280000,334400,1.15,1.25,1.14,1.25,0.17,24
103/10/20,250000,270000,1.10,1.10,1.06,1.06,-0.19,4
103/10/21,50000,53700,1.07,1.08,1.07,1.08,0.02,3
103/10/22,0,0,--,--,--,--,,0
103/10/23,0,0,--,--,--,--,,0
103/10/24,164000,195810,1.08,1.27,1.08,1.27,X,7
103/10/27,120000,150700,1.23,1.27,1.23,1.26,-0.01,11
103/10/28,0,0,--,--,--,--,,0
103/10/29,239000,262450,1.15,1.15,1.04,1.04,X,8
103/10/30,10000,11200,1.12,1.12,1.12,1.12,0.08,1
103/10/31,30000,32700,1.09,1.09,1.09,1.09,-0.03,3
103/11/03,60000,60700,1.04,1.04,0.99,0.99,-0.10,5
103/11/04,0,0,--,--,--,--,,0
103/11/05,0,0,--,--,--,--,,0
103/11/06,0,0,--,--,--,--,,0
103/11/07,0,0,--,--,--,--,,0
103/11/10,135000,127100,0.96,0.96,0.90,0.90,X,5
103/11/11,190000,164350,0.92,0.92,0.80,0.80,-0.10,20
103/11/12,100000,96000,0.96,0.96,0.96,0.96,0.16,1
103/11/13,30000,30100,0.98,1.04,0.98,1.04,0.08,3
103/11/14,60000,55750,0.95,0.95,0.91,0.91,-0.13,7
103/11/17,30000,28500,0.92,0.98,0.92,0.98,0.07,3
103/11/18,30000,28800,0.96,0.96,0.96,0.96,-0.02,2
103/11/19,20000,20200,1.01,1.01,1.01,1.01,0.05,1
103/11/20,99000,97020,0.98,0.98,0.98,0.98,-0.03,1
103/11/21,20000,21000,1.01,1.09,1.01,1.09,0.11,2
103/11/24,21000,23090,1.09,1.11,1.09,1.09,,3
103/11/25,0,0,--,--,--,--,,0
103/11/26,0,0,--,--,--,--,,0
103/11/27,86000,97180,1.13,1.13,1.13,1.13,X,2
103/11/28,0,0,--,--,--,--,,0
103/12/01,0,0,--,--,--,--,,0
103/12/02,0,0,--,--,--,--,,0
103/12/03,0,0,--,--,--,--,,0
103/12/04,0,0,--,--,--,--,,0
103/12/05,30000,24300,0.81,0.81,0.81,0.81,X,3
103/12/08,0,0,--,--,--,--,,0
103/12/09,50000,47700,0.93,1.02,0.93,1.02,X,3
103/12/10,20000,20600,1.03,1.03,1.03,1.03,0.01,2
103/12/11,80000,88000,1.10,1.10,1.10,1.10,0.07,8
103/12/12,40000,42400,1.06,1.06,1.06,1.06,-0.04,4
103/12/15,0,0,--,--,--,--,,0
103/12/16,0,0,--,--,--,--,,0
103/12/17,120000,129600,1.08,1.08,1.08,1.08,X,1
103/12/18,10000,10800,1.08,1.08,1.08,1.08,,1
103/12/19,90000,93600,1.04,1.04,1.04,1.04,-0.04,9
103/12/22,10000,10300,1.03,1.03,1.03,1.03,-0.01,1
103/12/23,0,0,--,--,--,--,,0
103/12/24,0,0,--,--,--,--,,0
103/12/25,0,0,--,--,--,--,,0
103/12/26,0,0,--,--,--,--,,0
103/12/27,0,0,--,--,--,--,,0
103/12/29,10000,9900,0.99,0.99,0.99,0.99,X,1
103/12/30,90000,87000,0.94,0.97,0.94,0.97,-0.02,2
103/12/31,10000,10200,1.02,1.02,1.02,1.02,0.05,1
104/01/05,10000,9900,0.99,0.99,0.99,0.99,-0.03,1
104/01/06,0,0,--,--,--,--,,0
104/01/07,0,0,--,--,--,--,,0
104/01/08,30000,31700,1.05,1.07,1.05,1.07,X,3
104/01/09,39000,41180,1.08,1.08,1.02,1.02,-0.05,5
104/01/12,9000,10080,1.12,1.12,1.12,1.12,0.10,1
104/01/13,0,0,--,--,--,--,,0
104/01/14,0,0,--,--,--,--,,0
104/01/15,40000,41200,1.03,1.03,1.03,1.03,X,4
104/01/16,110000,108300,0.96,1.01,0.96,1.01,-0.02,9
104/01/19,132000,143280,1.02,1.22,1.02,1.21,0.20,9
104/01/20,76000,89750,1.18,1.23,1.12,1.12,-0.09,8
104/01/21,14000,15120,1.09,1.09,1.07,1.07,-0.05,2
104/01/22,28000,29920,1.05,1.09,1.05,1.09,0.02,4
104/01/23,41000,43580,1.04,1.10,1.04,1.10,0.01,5
104/01/26,56000,59870,1.12,1.12,0.98,0.98,-0.12,7
104/01/27,28000,26860,0.97,0.97,0.94,0.94,-0.04,3
104/01/28,60000,56500,0.96,0.96,0.93,0.94,,6
104/01/29,95000,90770,0.96,0.96,0.95,0.95,0.01,9
104/01/30,62000,57660,0.93,0.93,0.93,0.93,-0.02,4
104/02/02,98000,80540,0.85,0.85,0.78,0.83,-0.10,9
104/02/03,77000,61650,0.94,0.94,0.77,0.77,-0.06,8
104/02/04,0,0,--,--,--,--,,0
104/02/05,46000,37600,0.79,0.84,0.79,0.84,X,4
104/12/25,0,0,--,--,--,--,,0
104/12/28,0,0,--,--,--,--,,0
104/12/29,44000,53300,1.22,1.22,1.19,1.19,X,3
104/12/30,424000,523560,1.21,1.26,1.21,1.23,0.04,16
104/12/31,326000,401880,1.23,1.25,1.23,1.23,,14
105/01/04,549000,710160,1.27,1.43,1.27,1.43,0.20,13
105/01/05,946000,1368340,1.43,1.51,1.36,1.37,-0.06,27
105/01/06,334000,474880,1.41,1.47,1.38,1.45,0.08,13
105/01/07,201000,325020,1.53,1.72,1.47,1.70,0.25,12
105/01/08,244000,385020,1.73,1.73,1.51,1.53,-0.17,9
105/01/11,568000,969450,1.58,1.76,1.58,1.76,0.23,13
105/01/12,396000,742670,1.70,1.98,1.70,1.95,0.19,18
105/01/13,181000,326410,1.85,1.85,1.77,1.77,-0.18,10
105/01/14,310000,537430,1.88,1.88,1.62,1.68,-0.09,9
105/01/15,159000,253920,1.58,1.64,1.56,1.64,-0.04,8
105/01/18,156000,242570,1.62,1.62,1.53,1.53,-0.11,5
105/01/19,47000,74350,1.55,1.60,1.55,1.55,0.02,3
105/01/20,308000,528010,1.61,1.78,1.61,1.77,0.22,15
105/01/21,350000,604100,1.73,1.75,1.70,1.71,-0.06,10
105/01/22,50000,86000,1.72,1.72,1.72,1.72,0.01,1
105/01/25,74000,115560,1.56,1.59,1.56,1.59,-0.13,3
105/01/26,15000,25550,1.70,1.71,1.70,1.71,0.12,2
105/01/27,50000,87500,1.75,1.75,1.75,1.75,0.04,1
105/01/28,34000,61340,1.76,1.81,1.76,1.81,0.06,2
105/01/29,50000,85500,1.71,1.71,1.71,1.71,-0.10,1
105/01/30,50000,80500,1.61,1.61,1.61,1.61,-0.10,1
105/02/01,350000,523600,1.55,1.55,1.47,1.50,-0.11,7
105/02/02,420000,653700,1.54,1.57,1.54,1.56,0.06,9
105/02/03,50000,79000,1.58,1.58,1.58,1.58,0.02,1
105/02/15,5000,8100,1.62,1.62,1.62,1.62,0.04,1
105/02/16,5000,7650,1.53,1.53,1.53,1.53,-0.09,1
105/02/17,101000,138780,1.41,1.43,1.32,1.35,-0.18,8
105/02/18,246000,334720,1.33,1.38,1.31,1.38,0.03,8
105/02/19,220000,305130,1.37,1.42,1.36,1.40,0.02,9
105/02/22,635000,897150,1.38,1.44,1.35,1.41,0.01,11
105/02/23,610000,812800,1.38,1.38,1.31,1.32,-0.09,13
105/02/24,630000,738400,1.29,1.29,1.10,1.15,-0.17,21
105/02/25,1550000,1554280,1.12,1.14,0.92,0.92,-0.23,45
105/02/26,1156000,1151110,0.95,1.06,0.94,0.97,0.05,39
105/03/01,2245000,1805520,0.86,0.87,0.77,0.81,-0.16,48
105/03/02,1326000,1071190,0.79,0.83,0.78,0.81,,22
105/03/03,2673000,2045130,0.80,0.80,0.73,0.77,-0.04,37
105/03/04,1354000,994930,0.72,0.76,0.70,0.72,-0.05,29
105/03/07,810000,609320,0.72,0.83,0.72,0.82,0.10,21
105/03/08,1388000,1027220,0.84,0.86,0.70,0.70,-0.12,25
105/03/09,581000,443540,0.75,0.78,0.74,0.78,0.08,15
105/03/10,420000,337400,0.77,0.81,0.77,0.78,,7
105/03/11,20000,15100,0.75,0.76,0.75,0.76,-0.02,2
105/03/14,330000,229700,0.69,0.70,0.69,0.70,-0.06,14
105/03/15,230000,164800,0.70,0.81,0.70,0.77,0.07,7
105/03/16,70000,43100,0.62,0.62,0.61,0.61,-0.16,6
105/03/17,310000,193300,0.58,0.69,0.58,0.69,0.08,9
105/03/18,50000,33300,0.66,0.69,0.66,0.69,,3
105/03/21,0,0,--,--,--,--,,0
105/03/22,1234000,891470,0.68,0.89,0.68,0.86,X,24
105/03/23,1634000,1427430,0.90,0.94,0.83,0.92,0.06,42
105/03/24,688000,605710,0.92,0.92,0.82,0.88,-0.04,21
105/03/25,182000,161880,0.92,0.92,0.86,0.89,0.01,12
105/03/28,821000,602610,0.75,0.75,0.71,0.73,-0.16,28
105/03/29,2106000,1795190,0.73,0.95,0.73,0.83,0.10,49
105/03/30,2380000,1684630,0.70,0.75,0.63,0.74,-0.09,57
105/03/31,1615000,1255700,0.72,0.85,0.72,0.84,0.10,44
105/04/01,1572000,1326980,0.87,0.87,0.80,0.85,0.01,46
105/04/06,1076000,1001680,0.91,0.95,0.90,0.93,0.08,28
105/04/07,928000,858410,0.91,0.95,0.88,0.94,0.01,27
105/04/08,2776000,2553580,0.98,1.05,0.82,0.85,-0.09,53
105/04/11,1159000,999810,0.89,0.91,0.80,0.82,-0.03,32
105/04/12,2116000,1823900,0.83,0.95,0.79,0.94,0.12,39
105/04/13,2056000,1769470,0.90,0.90,0.82,0.83,-0.11,48
105/04/14,507000,418610,0.79,0.84,0.78,0.84,0.01,14
105/04/15,289000,244070,0.86,0.86,0.82,0.83,-0.01,8
105/04/18,1570000,1324200,0.86,0.86,0.83,0.86,0.03,22
105/04/19,1435000,1232320,0.83,0.89,0.83,0.85,-0.01,27
105/04/20,1996000,1741420,0.84,0.91,0.82,0.91,0.06,49
105/04/21,3401000,3309420,0.90,1.05,0.90,1.04,0.13,69
105/04/22,3535000,4031750,1.03,1.23,1.03,1.15,0.11,82
105/04/25,938000,1083440,1.16,1.19,1.11,1.13,-0.02,19
105/04/26,551000,618420,1.11,1.15,1.10,1.15,0.02,11
105/04/27,1171000,1415240,1.17,1.23,1.17,1.21,0.06,22
105/04/28,508000,572490,1.17,1.19,1.10,1.17,-0.04,15
105/04/29,1569000,2118640,1.27,1.42,1.25,1.38,0.21,38
105/05/03,913000,1255740,1.35,1.40,1.34,1.39,0.01,18
105/05/04,176000,254930,1.31,1.61,1.31,1.61,0.22,11
105/05/05,905000,1483800,1.54,1.71,1.54,1.59,-0.02,19
105/05/06,344000,521280,1.68,1.68,1.47,1.54,-0.05,11
105/05/09,879000,1289870,1.52,1.54,1.35,1.49,-0.05,24
105/05/10,250000,392250,1.65,1.65,1.55,1.58,0.09,5
105/05/11,15000,24150,1.58,1.67,1.58,1.67,0.09,2
105/05/12,5000,8100,1.62,1.62,1.62,1.62,-0.05,1
105/05/13,0,0,--,--,--,--,,0
105/05/16,20000,34400,1.72,1.72,1.72,1.72,X,1
105/05/17,0,0,--,--,--,--,,0
105/05/18,0,0,--,--,--,--,,0
105/05/19,0,0,--,--,--,--,,0
105/05/20,0,0,--,--,--,--,,0
105/05/23,0,0,--,--,--,--,,0
105/05/24,0,0,--,--,--,--,,0
105/05/25,60000,71200,1.20,1.20,1.18,1.18,X,6
105/05/26,0,0,--,--,--,--,,0
105/05/27,0,0,--,--,--,--,,0
105/05/30,0,0,--,--,--,--,,0
105/05/31,0,0,--,--,--,--,,0
105/06/01,0,0,--,--,--,--,,0
105/06/02,0,0,--,--,--,--,,0
105/06/03,0,0,--,--,--,--,,0
105/06/04,10000,9300,0.93,0.93,0.93,0.93,X,1
105/06/06,10000,8700,0.87,0.87,0.87,0.87,-0.06,1
105/06/07,100000,86000,0.86,0.86,0.86,0.86,-0.01,10
105/06/08,8000,6960,0.87,0.87,0.87,0.87,0.01,2
105/06/13,100000,112000,1.12,1.12,1.12,1.12,0.25,1
105/06/14,0,0,--,--,--,--,,0
105/06/15,0,0,--,--,--,--,,0
105/06/16,0,0,--,--,--,--,,0
105/06/17,0,0,--,--,--,--,,0
105/06/20,68000,81880,1.16,1.21,1.16,1.21,X,2
105/06/21,0,0,--,--,--,--,,0
105/06/22,0,0,--,--,--,--,,0
106/03/21,0,0,--,--,--,--,,0
106/03/22,0,0,--,--,--,--,,0
106/03/23,0,0,--,--,--,--,,0
106/03/24,0,0,--,--,--,--,,0
106/03/27,0,0,--,--,--,--,,0
106/03/28,0,0,--,--,--,--,,0
106/03/29,0,0,--,--,--,--,,0
106/03/30,0,0,--,--,--,--,,0
106/03/31,0,0,--,--,--,--,,0
106/04/05,0,0,--,--,--,--,,0
106/04/06,0,0,--,--,--,--,,0
106/04/07,0,0,--,--,--,--,,0
106/04/10,0,0,--,--,--,--,,0
106/04/11,0,0,--,--,--,--,,0
106/04/12,0,0,--,--,--,--,,0
106/04/13,0,0,--,--,--,--,,0
106/04/14,0,0,--,--,--,--,,0
106/04/17,0,0,--,--,--,--,,0
106/04/18,363000,269370,0.74,0.76,0.73,0.75,X,14
106/04/19,13000,10790,0.83,0.83,0.83,0.83,0.08,1
106/04/20,210000,193600,0.94,0.95,0.87,0.91,0.08,7
106/04/21,376000,294830,0.77,0.79,0.74,0.74,-0.17,6
106/04/24,420000,296210,0.65,0.74,0.65,0.72,-0.02,14
106/04/25,179000,115620,0.66,0.68,0.59,0.59,-0.13,7
106/04/26,607000,305140,0.52,0.53,0.49,0.53,-0.06,8
106/04/27,76000,39780,0.52,0.53,0.52,0.53,,2
106/04/28,10000,4800,0.48,0.48,0.48,0.48,-0.05,2
106/05/02,39000,15210,0.39,0.39,0.39,0.39,-0.09,2
106/05/03,0,0,--,--,--,--,,0
106/05/04,0,0,--,--,--,--,,0
106/05/05,0,0,--,--,--,--,,0
106/05/08,0,0,--,--,--,--,,0
106/05/09,796000,269560,0.30,0.36,0.30,0.36,X,4
106/05/10,1398000,468600,0.34,0.34,0.31,0.31,-0.05,10
106/05/11,114000,33330,0.30,0.30,0.29,0.29,-0.02,15
106/05/12,500000,146000,0.30,0.30,0.29,0.29,,42
106/05/15,635000,171650,0.28,0.28,0.27,0.27,-0.02,47
106/05/16,1012000,258790,0.24,0.26,0.24,0.25,-0.02,54
106/05/17,507000,126170,0.24,0.26,0.24,0.25,,40
106/05/18,145000,45300,0.30,0.32,0.30,0.32,0.07,14
106/05/19,0,0,--,--,--,--,,0
106/05/22,0,0,--,--,--,--,,0
106/05/23,0,0,--,--,--,--,,0
106/05/24,0,0,--,--,--,--,0.00,0
106/05/25,0,0,--,--,--,--,0.00,0
106/05/26,0,0,--,--,--,--,0.00,0
106/05/31,0,0,--,--,--,--,0.00,0
106/06/01,0,0,--,--,--,--,0.00,0
106/06/02,140000,22400,0.16,0.16,0.16,0.16,0.00,2
106/06/03,0,0,--,--,--,--,0.00,0
106/06/05,0,0,--,--,--,--,0.00,0
106/06/06,0,0,--,--,--,--,0.00,0
106/06/07,0,0,--,--,--,--,0.00,0
106/06/08,0,0,--,--,--,--,0.00,0
106/06/09,0,0,--,--,--,--,0.00,0
106/06/12,0,0,--,--,--,--,0.00,0
106/06/13,0,0,--,--,--,--,0.00,0
106/06/14,0,0,--,--,--,--,0.00,0
106/06/15,259000,27900,0.11,0.11,0.10,0.10,0.00,5
106/06/16,0,0,--,--,--,--,0.00,0
106/06/19,0,0,--,--,--,--,0.00,0
106/06/20,0,0,--,--,--,--,0.00,0
106/06/21,0,0,--,--,--,--,0.00,0
106/06/22,0,0,--,--,--,--,0.00,0
106/06/23,0,0,--,--,--,--,0.00,0
106/06/26,0,0,--,--,--,--,0.00,0
106/06/27,0,0,--,--,--,--,0.00,0
106/06/28,0,0,--,--,--,--,0.00,0
106/06/29,0,0,--,--,--,--,0.00,0
106/06/30,0,0,--,--,--,--,0.00,0
106/07/03,0,0,--,--,--,--,0.00,0
106/07/04,0,0,--,--,--,--,0.00,0
106/07/05,0,0,--,--,--,--,0.00,0
106/07/06,0,0,--,--,--,--,0.00,0
106/07/07,0,0,--,--,--,--,0.00,0
106/07/10,0,0,--,--,--,--,0.00,0
106/07/11,0,0,--,--,--,--,0.00,0
106/07/12,0,0,--,--,--,--,0.00,0
106/07/13,0,0,--,--,--,--,0.00,0
106/07/14,16000,160,0.01,0.01,0.01,0.01,0.00,1
106/07/17,16000,480,0.03,0.03,0.03,0.03,0.02,1
106/07/18,0,0,--,--,--,--,0.00,0
106/07/19,0,0,--,--,--,--,0.00,0
106/07/20,0,0,--,--,--,--,0.00,0
106/07/21,0,0,--,--,--,--,0.00,0
106/07/24,0,0,--,--,--,--,0.00,0
106/07/25,0,0,--,--,--,--,0.00,0
106/07/26,0,0,--,--,--,--,0.00,0
106/07/27,0,0,--,--,--,--,0.00,0
106/07/28,0,0,--,--,--,--,0.00,0
106/07/31,0,0,--,--,--,--,0.00,0
106/08/01,0,0,--,--,--,--,0.00,0
106/08/02,0,0,--,--,--,--,0.00,0
106/08/03,0,0,--,--,--,--,0.00,0
106/08/04,0,0,--,--,--,--,0.00,0
106/08/07,0,0,--,--,--,--,0.00,0
106/08/08,0,0,--,--,--,--,0.00,0
106/08/09,0,0,--,--,--,--,0.00,0
106/08/10,0,0,--,--,--,--,0.00,0
106/08/11,0,0,--,--,--,--,0.00,0
106/08/14,0,0,--,--,--,--,0.00,0
106/08/15,0,0,--,--,--,--,0.00,0
106/08/16,0,0,--,--,--,--,0.00,0
106/08/17,858000,8580,0.01,0.01,0.01,0.01,0.00,7
106/08/18,0,0,--,--,--,--,0.00,0
106/08/21,0,0,--,--,--,--,0.00,0
106/08/22,1960000,19600,0.01,0.01,0.01,0.01,0.00,43
106/08/23,0,0,--,--,--,--,0.00,0
106/08/24,0,0,--,--,--,--,0.00,0
106/08/25,0,0,--,--,--,--,0.00,0
106/08/28,0,0,--,--,--,--,0.00,0
106/08/29,0,0,--,--,--,--,0.00,0
106/08/30,0,0,--,--,--,--,0.00,0
106/08/31,0,0,--,--,--,--,0.00,0
106/09/01,0,0,--,--,--,--,0.00,0
106/09/04,0,0,--,--,--,--,0.00,0
106/09/05,0,0,--,--,--,--,0.00,0
106/09/06,0,0,--,--,--,--,0.00,0
106/09/07,0,0,--,--,--,--,0.00,0
106/09/08,0,0,--,--,--,--,0.00,0
106/09/11,0,0,--,--,--,--,0.00,0
106/09/12,0,0,--,--,--,--,0.00,0
106/09/13,0,0,--,--,--,--,0.00,0
106/09/14,0,0,--,--,--,--,0.00,0
106/09/15,0,0,--,--,--,--,0.00,0
106/09/18,0,0,--,--,--,--,0.00,0
107/08/01,0,0,--,--,--,--,0.00,0
107/08/02,448000,1304700,2.90,2.93,2.90,2.93,0.00,3
107/08/03,548000,1582800,2.85,2.90,2.83,2.90,-0.03,4
107/08/06,121000,349060,2.86,2.89,2.86,2.89,-0.01,2
107/08/07,36000,113090,3.09,3.29,3.09,3.29,0.40,4
107/08/08,10000,25320,2.21,2.67,2.21,2.67,-0.62,2
107/08/09,434000,1176780,2.70,2.74,2.69,2.74,0.07,4
107/08/10,436000,1154060,2.63,2.72,2.63,2.72,-0.02,7
107/08/13,0,0,--,--,--,--,0.00,0
107/08/14,5000,15550,3.11,3.11,3.11,3.11,0.00,1
107/08/15,2000,6540,3.27,3.27,3.27,3.27,0.16,2
107/08/16,96000,326830,3.48,3.48,3.32,3.32,0.05,11
107/08/17,204000,648830,3.18,3.20,3.16,3.20,-0.12,6
107/08/20,446000,1501550,3.24,3.43,3.24,3.30,0.10,14
107/08/21,4000,13210,3.32,3.33,3.26,3.26,-0.04,4
107/08/22,174000,558620,3.30,3.30,3.19,3.19,-0.07,5
107/08/23,327000,1024810,3.10,3.23,3.06,3.23,0.04,6
107/08/24,350000,1142400,3.22,3.29,3.21,3.27,0.04,10
107/08/27,187000,594070,3.19,3.21,3.17,3.17,-0.10,4
107/08/28,0,0,--,--,--,--,0.00,0
107/08/29,20000,62400,3.12,3.12,3.12,3.12,0.00,1
107/08/30,20000,60600,3.03,3.03,3.03,3.03,-0.09,1
107/08/31,209000,637810,3.10,3.10,3.05,3.07,0.04,4
107/09/03,17000,52080,3.01,3.14,3.01,3.14,0.07,3
107/09/04,1000,3090,3.09,3.09,3.09,3.09,-0.05,1
107/09/05,0,0,--,--,--,--,0.00,0
107/09/06,26000,80340,3.09,3.09,3.09,3.09,0.00,1
107/09/07,159000,508350,3.03,3.24,3.03,3.24,0.15,7
107/09/10,431000,1500570,3.27,3.84,3.27,3.80,0.56,11
107/09/11,351000,1358780,3.74,4.04,3.61,3.61,-0.19,20
107/09/12,279000,1072440,3.77,3.88,3.77,3.83,0.22,13
107/09/13,132000,493130,3.73,3.88,3.69,3.88,0.05,13
107/09/14,0,0,--,--,--,--,0.00,0
107/09/17,0,0,--,--,--,--,0.00,0
107/09/18,29000,106550,3.70,3.70,3.64,3.67,0.00,3
107/09/19,29000,104690,3.61,3.61,3.61,3.61,-0.06,3
107/09/20,4000,14640,3.66,3.66,3.66,3.66,0.05,1
107/09/21,34000,126580,3.67,3.73,3.67,3.73,0.07,2
107/09/25,30000,110400,3.68,3.68,3.68,3.68,-0.05,1
107/09/26,0,0,--,--,--,--,0.00,0
107/09/27,0,0,--,--,--,--,0.00,0
107/09/28,14000,48300,3.45,3.45,3.45,3.45,0.00,1
107/10/01,14000,46620,3.33,3.33,3.33,3.33,-0.12,1
107/10/02,4000,12280,3.04,3.10,3.04,3.10,-0.23,2
107/10/03,100000,349240,3.23,3.51,3.23,3.51,0.41,6
107/10/04,99000,345670,3.50,3.50,3.45,3.49,-0.02,4
107/10/05,60000,224540,3.62,3.81,3.61,3.81,0.32,9
107/10/08,60000,226980,3.80,4.00,3.69,4.00,0.19,10
107/10/09,10000,40300,3.99,4.19,3.99,4.19,0.19,2
107/10/11,2000,10200,5.10,5.10,5.10,5.10,0.91,1
107/10/12,0,0,--,--,--,--,0.00,0
107/10/15,0,0,--,--,--,--,0.00,0
107/10/16,0,0,--,--,--,--,0.00,0
107/10/17,0,0,--,--,--,--,0.00,0
107/10/18,0,0,--,--,--,--,0.00,0
107/10/19,0,0,--,--,--,--,0.00,0
107/10/22,0,0,--,--,--,--,0.00,0
107/10/23,0,0,--,--,--,--,0.00,0
107/10/24,0,0,--,--,--,--,0.00,0
107/10/25,0,0,--,--,--,--,0.00,0
107/10/26,0,0,--,--,--,--,0.00,0
107/10/29,0,0,--,--,--,--,0.00,0
107/10/30,0,0,--,--,--,--,0.00,0
107/10/31,0,0,--,--,--,--,0.00,0
107/11/01,0,0,--,--,--,--,0.00,0
107/11/02,0,0,--,--,--,--,0.00,0
107/11/05,0,0,--,--,--,--,0.00,0
107/11/06,0,0,--,--,--,--,0.00,0
107/11/07,21000,80640,3.84,3.84,3.84,3.84,0.00,2
107/11/08,21000,76660,3.66,3.66,3.63,3.63,-0.21,5
107/11/09,0,0,--,--,--,--,0.00,0
107/11/12,0,0,--,--,--,--,0.00,0
107/11/13,0,0,--,--,--,--,0.00,0
107/11/14,0,0,--,--,--,--,0.00,0
107/11/15,0,0,--,--,--,--,0.00,0
107/11/16,100000,360000,3.60,3.60,3.60,3.60,0.00,1
107/11/19,105000,375200,3.64,3.64,3.57,3.57,-0.03,2
107/11/20,49000,177770,3.61,3.64,3.61,3.64,0.07,3
107/11/21,44000,159580,3.63,3.64,3.62,3.62,-0.02,3
107/11/22,4000,13640,3.41,3.41,3.41,3.41,-0.21,1
107/11/23,4000,13400,3.35,3.35,3.35,3.35,-0.06,1
107/11/26,0,0,--,--,--,--,0.00,0
107/11/27,0,0,--,--,--,--,0.00,0
107/11/28,32000,98560,3.08,3.08,3.08,3.08,0.00,1
107/11/29,65000,187000,2.75,3.00,2.75,3.00,-0.08,2
107/11/30,33000,97680,2.96,2.96,2.96,2.96,-0.04,1
107/12/03,0,0,--,--,--,--,0.00,0
107/12/04,0,0,--,--,--,--,0.00,0
107/12/05,31000,88970,2.87,2.87,2.87,2.87,0.00,1
107/12/06,31000,88040,2.84,2.84,2.84,2.84,-0.03,1
107/12/07,0,0,--,--,--,--,0.00,0
107/12/10,0,0,--,--,--,--,0.00,0
107/12/11,0,0,--,--,--,--,0.00,0
107/12/12,0,0,--,--,--,--,0.00,0
107/12/13,0,0,--,--,--,--,0.00,0
107/12/14,0,0,--,--,--,--,0.00,0
107/12/17,0,0,--,--,--,--,0.00,0
107/12/18,7000,17780,2.54,2.54,2.54,2.54,0.00,1
107/12/19,45000,117790,2.55,2.63,2.55,2.63,0.09,2
107/12/20,38000,103740,2.73,2.73,2.73,2.73,0.10,1
107/12/21,40000,119670,2.98,3.02,2.98,3.02,0.29,3
107/12/22,40000,115600,2.89,2.89,2.89,2.89,-0.13,2
107/12/24,0,0,--,--,--,--,0.00,0
107/12/25,0,0,--,--,--,--,0.00,0
107/12/26,0,0,--,--,--,--,0.00,0
107/12/27,0,0,--,--,--,--,0.00,0
107/12/28,0,0,--,--,--,--,0.00,0
108/01/02,0,0,--,--,--,--,0.00,0
108/01/03,0,0,--,--,--,--,0.00,0
108/01/04,0,0,--,--,--,--,0.00,0
108/01/07,0,0,--,--,--,--,0.00,0
108/01/08,13000,30290,2.33,2.33,2.33,2.33,0.00,1
108/01/09,23000,43990,1.89,1.93,1.89,1.93,-0.40,2
108/01/10,10000,18000,1.80,1.80,1.80,1.80,-0.13,1
108/01/11,0,0,--,--,--,--,0.00,0
108/01/14,0,0,--,--,--,--,0.00,0
108/01/15,0,0,--,--,--,--,0.00,0
108/01/16,0,0,--,--,--,--,0.00,0
108/01/17,0,0,--,--,--,--,0.00,0
108/01/18,0,0,--,--,--,--,0.00,0
108/01/21,0,0,--,--,--,--,0.00,0
108/01/22,0,0,--,--,--,--,0.00,0
108/01/23,0,0,--,--,--,--,0.00,0
108/01/24,0,0,--,--,--,--,0.00,0
108/01/25,0,0,--,--,--,--,0.00,0
108/01/28,0,0,--,--,--,--,0.00,0
108/01/29,0,0,--,--,--,--,0.00,0
