101/12/07,0,0,--,--,--,--,,0
101/12/10,0,0,--,--,--,--,,0
101/12/11,0,0,--,--,--,--,,0
101/12/12,0,0,--,--,--,--,,0
101/12/13,0,0,--,--,--,--,,0
101/12/14,0,0,--,--,--,--,,0
101/12/17,16000,16520,1.02,1.04,1.02,1.04,X,2
101/12/18,10000,10100,1.01,1.01,1.01,1.01,-0.03,1
101/12/19,10000,9300,0.93,0.93,0.93,0.93,-0.08,1
101/12/20,10000,10000,1.00,1.00,1.00,1.00,0.07,1
101/12/21,0,0,--,--,--,--,,0
101/12/22,0,0,--,--,--,--,,0
101/12/24,0,0,--,--,--,--,,0
101/12/25,0,0,--,--,--,--,,0
101/12/26,0,0,--,--,--,--,,0
101/12/27,0,0,--,--,--,--,,0
101/12/28,0,0,--,--,--,--,,0
102/01/02,0,0,--,--,--,--,,0
102/01/03,0,0,--,--,--,--,,0
102/01/04,0,0,--,--,--,--,,0
102/01/07,0,0,--,--,--,--,,0
102/01/08,0,0,--,--,--,--,,0
102/01/09,0,0,--,--,--,--,,0
102/01/10,1000,800,0.80,0.80,0.80,0.80,X,1
102/01/11,0,0,--,--,--,--,,0
102/01/14,1000,790,0.79,0.79,0.79,0.79,X,1
102/01/15,0,0,--,--,--,--,,0
102/01/16,0,0,--,--,--,--,,0
102/01/17,0,0,--,--,--,--,,0
102/01/18,0,0,--,--,--,--,,0
102/01/21,0,0,--,--,--,--,,0
102/01/22,0,0,--,--,--,--,,0
102/01/23,0,0,--,--,--,--,,0
102/01/24,0,0,--,--,--,--,,0
102/01/25,0,0,--,--,--,--,,0
102/01/28,0,0,--,--,--,--,,0
102/01/29,0,0,--,--,--,--,,0
102/01/30,1000,620,0.62,0.62,0.62,0.62,X,1
102/01/31,2000,1210,0.61,0.61,0.60,0.60,-0.02,2
102/02/01,1000,560,0.56,0.56,0.56,0.56,-0.04,1
102/02/04,1000,480,0.48,0.48,0.48,0.48,-0.08,1
102/02/05,1000,430,0.43,0.43,0.43,0.43,-0.05,1
102/02/06,1000,370,0.37,0.37,0.37,0.37,-0.06,1
102/02/18,0,0,--,--,--,--,,0
102/02/19,10000,3300,0.33,0.33,0.33,0.33,X,1
102/02/20,18000,5040,0.28,0.28,0.28,0.28,-0.05,3
102/02/21,3000,960,0.32,0.32,0.32,0.32,0.04,1
102/02/22,22000,7440,0.34,0.36,0.32,0.32,,4
102/02/23,4000,1160,0.29,0.29,0.29,0.29,-0.03,2
102/02/25,14000,4040,0.29,0.29,0.28,0.28,-0.01,2
102/02/26,2000,600,0.30,0.30,0.30,0.30,0.02,1
102/02/27,0,0,--,--,--,--,,0
102/03/01,0,0,--,--,--,--,,0
102/03/04,0,0,--,--,--,--,,0
102/03/05,0,0,--,--,--,--,,0
102/03/06,0,0,--,--,--,--,,0
102/03/07,0,0,--,--,--,--,,0
102/03/08,3000,510,0.17,0.17,0.17,0.17,X,1
102/03/11,2000,300,0.15,0.15,0.15,0.15,-0.02,1
102/03/12,0,0,--,--,--,--,,0
102/03/13,0,0,--,--,--,--,,0
102/03/14,4000,640,0.16,0.16,0.16,0.16,X,2
102/03/15,30000,4800,0.16,0.16,0.16,0.16,,1
102/03/18,30000,6300,0.21,0.21,0.21,0.21,0.05,1
102/03/19,0,0,--,--,--,--,,0
102/03/20,0,0,--,--,--,--,,0
102/03/21,0,0,--,--,--,--,,0
102/03/22,0,0,--,--,--,--,,0
102/03/25,3000,450,0.15,0.15,0.15,0.15,X,1
102/03/26,3000,450,0.15,0.15,0.15,0.15,,1
102/03/27,0,0,--,--,--,--,,0
102/03/28,0,0,--,--,--,--,,0
102/03/29,0,0,--,--,--,--,,0
102/04/01,2000,260,0.13,0.13,0.13,0.13,X,1
102/04/02,2000,260,0.13,0.13,0.13,0.13,,1
102/04/03,0,0,--,--,--,--,,0
102/04/08,0,0,--,--,--,--,,0
102/04/09,0,0,--,--,--,--,,0
102/04/10,0,0,--,--,--,--,,0
102/04/11,0,0,--,--,--,--,,0
102/04/12,0,0,--,--,--,--,,0
102/04/15,0,0,--,--,--,--,,0
102/04/16,0,0,--,--,--,--,,0
102/04/17,0,0,--,--,--,--,,0
102/04/18,0,0,--,--,--,--,,0
102/04/19,0,0,--,--,--,--,,0
102/04/22,0,0,--,--,--,--,,0
102/04/23,0,0,--,--,--,--,,0
102/04/24,0,0,--,--,--,--,,0
102/04/25,0,0,--,--,--,--,,0
102/04/26,0,0,--,--,--,--,,0
102/04/29,0,0,--,--,--,--,,0
102/04/30,0,0,--,--,--,--,,0
102/05/02,0,0,--,--,--,--,,0
102/05/03,0,0,--,--,--,--,,0
102/05/06,0,0,--,--,--,--,,0
102/05/07,0,0,--,--,--,--,,0
102/05/08,0,0,--,--,--,--,,0
102/05/09,0,0,--,--,--,--,,0
102/05/10,0,0,--,--,--,--,,0
102/05/13,0,0,--,--,--,--,,0
102/05/14,0,0,--,--,--,--,,0
102/05/15,0,0,--,--,--,--,,0
102/05/16,0,0,--,--,--,--,,0
102/05/17,0,0,--,--,--,--,,0
102/05/20,0,0,--,--,--,--,,0
102/05/21,0,0,--,--,--,--,,0
102/05/22,0,0,--,--,--,--,,0
102/05/23,0,0,--,--,--,--,,0
102/05/24,0,0,--,--,--,--,,0
102/05/27,0,0,--,--,--,--,,0
102/05/28,0,0,--,--,--,--,,0
102/05/29,0,0,--,--,--,--,,0
102/05/30,0,0,--,--,--,--,,0
102/05/31,0,0,--,--,--,--,,0
102/06/03,0,0,--,--,--,--,,0
102/06/04,0,0,--,--,--,--,,0
103/08/22,0,0,--,--,--,--,,0
103/08/25,0,0,--,--,--,--,,0
103/08/26,10000,24000,2.40,2.40,2.40,2.40,X,1
103/08/27,1000,2180,2.18,2.18,2.18,2.18,-0.22,1
103/08/28,10000,21600,2.16,2.16,2.16,2.16,-0.02,1
103/08/29,32000,71160,2.26,2.26,2.18,2.21,0.05,3
103/09/01,81000,164530,2.21,2.21,2.00,2.02,-0.19,10
103/09/02,180000,395780,2.13,2.31,2.11,2.31,0.29,13
103/09/03,57000,123310,2.14,2.21,2.13,2.17,-0.14,6
103/09/04,205000,462720,2.25,2.27,2.20,2.25,0.08,11
103/09/05,259000,587390,2.10,2.31,2.10,2.25,,8
103/09/09,164000,350280,2.07,2.14,2.07,2.13,-0.12,5
103/09/10,200000,477130,2.25,2.42,2.25,2.42,0.29,5
103/09/11,76000,180640,2.37,2.39,2.37,2.39,-0.03,2
103/09/12,50000,131000,2.62,2.62,2.62,2.62,0.23,1
103/09/15,139000,378170,2.69,2.73,2.69,2.72,0.10,3
103/09/16,109000,306490,2.83,2.83,2.81,2.81,0.09,2
103/09/17,266000,701710,2.70,2.70,2.56,2.68,-0.13,12
103/09/18,164000,416840,2.53,2.62,2.53,2.62,-0.06,6
103/09/19,40000,98900,2.47,2.48,2.47,2.48,-0.14,3
103/09/22,229000,655020,2.68,2.93,2.68,2.87,0.39,8
103/09/23,199000,569840,2.88,2.93,2.82,2.93,0.06,8
103/09/24,70000,202200,2.88,2.93,2.88,2.89,-0.04,3
103/09/25,50000,150400,2.81,3.20,2.81,3.20,0.31,5
103/09/26,50000,165700,3.35,3.35,3.26,3.26,0.06,3
103/09/29,30000,100800,3.36,3.36,3.36,3.36,0.10,1
103/09/30,10000,34100,3.41,3.41,3.41,3.41,0.05,1
103/10/01,0,0,--,--,--,--,,0
103/10/02,0,0,--,--,--,--,,0
103/10/03,100000,308000,3.15,3.18,2.90,2.90,X,11
103/10/06,50000,148300,2.99,2.99,2.93,2.93,0.03,2
103/10/07,130000,407100,3.17,3.17,3.07,3.07,0.14,3
103/10/08,220000,708800,3.21,3.26,3.19,3.23,0.16,4
103/10/09,120000,392800,3.11,3.33,3.11,3.33,0.10,3
103/10/13,60000,250800,4.12,4.24,4.12,4.24,0.91,2
103/10/14,0,0,--,--,--,--,,0
103/10/15,1000,4100,4.10,4.10,4.10,4.10,X,1
103/10/16,30000,145800,4.86,4.86,4.86,4.86,0.76,1
103/10/17,30000,134400,4.48,4.48,4.48,4.48,-0.38,1
103/10/20,0,0,--,--,--,--,,0
103/10/21,0,0,--,--,--,--,,0
103/10/22,253000,1048860,4.14,4.16,4.12,4.12,X,6
103/10/23,250000,1045000,4.18,4.18,4.18,4.18,0.06,5
103/10/24,188000,840190,4.19,4.61,4.19,4.58,0.40,13
103/10/27,285000,1270700,4.40,4.50,4.38,4.50,-0.08,11
103/10/28,101000,396900,3.93,3.93,3.90,3.90,-0.60,2
103/10/29,5000,18450,3.69,3.69,3.69,3.69,-0.21,1
103/10/30,0,0,--,--,--,--,,0
103/10/31,6000,20410,3.41,3.41,3.36,3.36,X,2
103/11/03,0,0,--,--,--,--,,0
103/11/04,20000,59600,3.04,3.04,2.92,2.92,X,4
103/11/05,30000,95200,3.16,3.20,3.16,3.16,0.24,3
103/11/06,10000,33100,3.31,3.31,3.31,3.31,0.15,1
103/11/07,1000,3300,3.30,3.30,3.30,3.30,-0.01,1
103/11/10,50000,139800,2.76,2.81,2.74,2.80,-0.50,4
103/11/11,30000,83400,2.78,2.78,2.78,2.78,-0.02,1
103/11/12,0,0,--,--,--,--,,0
103/11/13,18000,57000,3.20,3.20,3.10,3.10,X,3
103/11/14,5000,15000,3.00,3.00,3.00,3.00,-0.10,1
103/11/17,15000,49010,3.23,3.35,3.23,3.33,0.33,3
103/11/18,0,0,--,--,--,--,,0
103/11/19,6000,18330,3.33,3.33,3.00,3.00,X,2
103/11/20,17000,45150,2.70,2.70,2.60,2.60,-0.40,4
103/11/21,7000,17790,2.59,2.59,2.50,2.50,-0.10,3
103/11/24,1000,2450,2.45,2.45,2.45,2.45,-0.05,1
103/11/25,5000,11900,2.38,2.38,2.38,2.38,-0.07,1
103/11/26,0,0,--,--,--,--,,0
103/11/27,16000,34600,2.25,2.25,2.15,2.15,X,3
103/11/28,1000,2150,2.15,2.15,2.15,2.15,,1
103/12/01,46000,120160,2.66,2.66,2.22,2.22,0.07,3
103/12/02,89000,232860,2.40,2.70,2.40,2.67,0.45,6
103/12/03,90000,222360,2.59,2.59,2.13,2.13,-0.54,11
103/12/04,54000,107150,2.10,2.10,1.94,2.03,-0.10,7
103/12/05,38000,79600,2.11,2.11,2.00,2.06,0.03,3
103/12/08,51000,103380,1.97,2.14,1.97,2.11,0.05,6
103/12/09,0,0,--,--,--,--,,0
103/12/10,30000,78600,2.62,2.62,2.62,2.62,X,1
103/12/11,4000,10630,2.68,2.68,2.59,2.59,-0.03,3
103/12/12,0,0,--,--,--,--,,0
103/12/15,3000,8260,2.73,2.80,2.73,2.80,X,2
103/12/16,0,0,--,--,--,--,,0
103/12/17,40000,121200,3.00,3.09,3.00,3.09,X,4
103/12/18,5000,14400,2.88,2.88,2.88,2.88,-0.21,1
103/12/19,16000,40300,2.62,2.62,2.46,2.46,-0.42,4
103/12/22,21000,48050,2.38,2.38,2.19,2.19,-0.27,5
103/12/23,6000,12600,2.10,2.10,2.10,2.10,-0.09,2
103/12/24,10000,19600,2.00,2.00,1.92,1.92,-0.18,2
103/12/25,1000,1900,1.90,1.90,1.90,1.90,-0.02,1
103/12/26,5000,8800,1.76,1.76,1.76,1.76,-0.14,1
103/12/27,1000,1680,1.68,1.68,1.68,1.68,-0.08,1
103/12/29,37000,52720,1.48,1.48,1.41,1.46,-0.22,4
103/12/30,83000,122960,1.42,1.52,1.42,1.52,0.06,10
103/12/31,393000,587280,1.48,1.56,1.46,1.47,-0.05,35
104/01/05,796000,1277030,1.65,1.77,1.47,1.47,,38
104/01/06,538000,1009610,1.88,2.19,1.86,2.19,0.72,8
104/01/07,16000,33290,2.08,2.09,2.08,2.09,-0.10,2
104/01/08,15000,22800,1.52,1.52,1.52,1.52,-0.57,1
104/01/09,4000,6090,1.48,1.59,1.48,1.54,0.02,3
104/01/12,3000,5020,1.67,1.68,1.67,1.68,0.14,2
104/01/13,0,0,--,--,--,--,,0
104/01/14,0,0,--,--,--,--,,0
104/01/15,21000,35730,1.74,1.74,1.66,1.68,X,4
104/01/16,86000,148880,1.60,1.91,1.60,1.76,0.08,5
104/01/19,60000,82200,1.37,1.37,1.37,1.37,-0.39,1
104/01/20,1000,1330,1.33,1.33,1.33,1.33,-0.04,1
104/01/21,13000,15130,1.17,1.17,1.14,1.14,-0.19,4
104/01/22,61000,58940,1.10,1.10,0.92,0.99,-0.15,12
104/01/23,1124000,838430,0.77,0.78,0.72,0.74,-0.25,27
104/01/26,503000,361140,0.75,0.75,0.70,0.72,-0.02,16
104/01/27,629000,367480,0.56,0.65,0.56,0.58,-0.14,17
104/01/28,459000,264180,0.64,0.64,0.55,0.56,-0.02,23
104/01/29,645000,451280,0.65,0.75,0.65,0.72,0.16,27
104/01/30,1976000,1485280,0.68,0.81,0.68,0.81,0.09,30
104/02/02,155000,116590,0.70,0.81,0.70,0.75,-0.06,17
104/02/03,677000,401940,0.68,0.70,0.55,0.59,-0.16,34
104/02/04,804000,331940,0.43,0.45,0.40,0.42,-0.17,19
104/02/05,542000,262540,0.46,0.52,0.44,0.44,0.02,16
104/02/06,288000,138280,0.46,0.51,0.45,0.51,0.07,24
104/02/09,77000,39230,0.49,0.55,0.46,0.49,-0.02,8
104/02/10,245000,113420,0.46,0.50,0.43,0.50,0.01,7
104/02/11,135000,48890,0.39,0.39,0.34,0.36,-0.14,8
104/02/12,132000,47220,0.34,0.36,0.34,0.36,,5
105/01/11,50000,46000,0.92,0.92,0.92,0.92,0.05,1
105/01/12,50000,46500,0.93,0.93,0.93,0.93,0.01,1
105/01/13,70000,66500,0.95,0.95,0.95,0.95,0.02,2
105/01/14,217000,223500,1.01,1.06,1.01,1.03,0.08,15
105/01/15,144000,138100,0.98,0.98,0.93,0.93,-0.10,9
105/01/18,318000,270070,0.86,0.87,0.82,0.82,-0.11,16
105/01/19,240000,199400,0.84,0.84,0.81,0.81,-0.01,10
105/01/20,221000,180640,0.81,0.84,0.81,0.84,0.03,11
105/01/21,315000,268610,0.83,0.87,0.82,0.86,0.02,12
105/01/22,121000,100300,0.84,0.84,0.81,0.83,-0.03,8
105/01/25,60000,47690,0.79,0.84,0.78,0.83,,7
105/01/26,22000,17750,0.80,0.81,0.80,0.80,-0.03,5
105/01/27,32000,25640,0.78,0.82,0.78,0.81,0.01,8
105/01/28,121000,98660,0.82,0.82,0.81,0.82,0.01,6
105/01/29,341000,270790,0.80,0.80,0.79,0.79,-0.03,7
105/01/30,286000,201890,0.74,0.74,0.69,0.71,-0.08,13
105/02/01,165000,118750,0.68,0.73,0.68,0.72,0.01,8
105/02/02,7000,5010,0.71,0.73,0.71,0.73,0.01,2
105/02/03,11000,8190,0.74,0.76,0.73,0.76,0.03,5
105/02/15,14000,10060,0.79,0.79,0.70,0.70,-0.06,6
105/02/16,35000,23850,0.69,0.69,0.67,0.67,-0.03,3
105/02/17,30000,19800,0.66,0.66,0.66,0.66,-0.01,2
105/02/18,63000,38750,0.61,0.62,0.61,0.61,-0.05,6
105/02/19,99000,62380,0.62,0.64,0.62,0.63,0.02,5
105/02/22,14000,8880,0.62,0.64,0.62,0.64,0.01,2
105/02/23,105000,68250,0.65,0.65,0.65,0.65,0.01,2
105/02/24,5000,3150,0.63,0.63,0.63,0.63,-0.02,1
105/02/25,55000,36400,0.65,0.67,0.65,0.67,0.04,3
105/02/26,35000,23450,0.67,0.67,0.67,0.67,,2
105/03/01,0,0,--,--,--,--,,0
105/03/02,0,0,--,--,--,--,,0
105/03/03,221000,150490,0.68,0.69,0.68,0.69,X,4
105/03/04,225000,151250,0.67,0.69,0.67,0.69,,5
105/03/07,70000,48800,0.68,0.71,0.68,0.71,0.02,5
105/03/08,105000,72400,0.69,0.69,0.68,0.68,-0.03,2
105/03/09,56000,39550,0.69,0.71,0.69,0.71,0.03,5
105/03/10,114000,72570,0.65,0.65,0.63,0.63,-0.08,5
105/03/11,20000,13200,0.66,0.66,0.66,0.66,0.03,1
105/03/14,38000,25080,0.66,0.66,0.66,0.66,,1
105/03/15,83000,58880,0.70,0.72,0.70,0.72,0.06,7
105/03/16,390000,281550,0.70,0.74,0.70,0.72,,8
105/03/17,376000,257650,0.67,0.70,0.67,0.70,-0.02,12
105/03/18,330000,213910,0.65,0.66,0.64,0.65,-0.05,9
105/03/21,176000,111990,0.64,0.64,0.63,0.63,-0.02,6
105/03/22,420000,275900,0.64,0.67,0.64,0.67,0.04,5
105/03/23,260000,171100,0.65,0.66,0.65,0.66,-0.01,3
105/03/24,614000,408250,0.66,0.68,0.64,0.65,-0.01,11
105/03/25,660000,423800,0.63,0.66,0.63,0.65,,8
105/03/28,611000,370200,0.63,0.64,0.60,0.61,-0.04,9
105/03/29,280000,175400,0.60,0.63,0.60,0.61,,7
105/03/30,178000,97380,0.58,0.58,0.54,0.55,-0.06,6
105/03/31,230000,127100,0.57,0.58,0.53,0.53,-0.02,5
105/04/01,705000,368700,0.54,0.55,0.52,0.52,-0.01,8
105/04/06,68000,32770,0.49,0.50,0.48,0.50,-0.02,3
105/04/07,8000,4150,0.53,0.53,0.50,0.50,,2
105/04/08,39000,19890,0.51,0.51,0.51,0.51,0.01,3
105/04/11,25000,13000,0.52,0.52,0.52,0.52,0.01,4
105/04/12,113000,61660,0.52,0.56,0.52,0.56,0.04,5
105/04/13,55000,30250,0.55,0.55,0.55,0.55,-0.01,2
105/04/14,0,0,--,--,--,--,,0
105/04/15,15000,7650,0.51,0.51,0.51,0.51,X,1
105/04/18,0,0,--,--,--,--,,0
105/04/19,0,0,--,--,--,--,,0
105/04/20,0,0,--,--,--,--,,0
105/04/21,195000,105300,0.54,0.54,0.54,0.54,X,2
105/04/22,238000,117060,0.50,0.50,0.47,0.50,-0.04,5
105/04/25,2000,940,0.47,0.47,0.47,0.47,-0.03,1
105/04/26,10000,4500,0.45,0.45,0.45,0.45,-0.02,2
105/04/27,20000,9000,0.45,0.45,0.45,0.45,,1
105/04/28,94000,43240,0.46,0.46,0.46,0.46,0.01,4
105/04/29,96000,44160,0.46,0.46,0.46,0.46,,3
105/05/03,103000,48350,0.45,0.47,0.45,0.47,0.01,2
105/05/04,30000,15600,0.52,0.52,0.52,0.52,0.05,1
105/05/05,235000,115000,0.49,0.50,0.47,0.47,-0.05,6
105/05/06,130000,61100,0.47,0.47,0.47,0.47,,2
105/05/09,1995000,1294870,0.58,0.70,0.57,0.70,0.23,37
105/05/10,1591000,1026260,0.65,0.68,0.60,0.61,-0.09,39
105/05/11,536000,331570,0.60,0.65,0.59,0.64,0.03,21
105/05/12,300000,185530,0.61,0.63,0.59,0.63,-0.01,10
105/05/13,795000,503430,0.63,0.73,0.62,0.65,0.02,19
105/05/16,336000,204710,0.65,0.65,0.60,0.60,-0.05,10
105/05/17,143000,82890,0.62,0.62,0.55,0.56,-0.04,12
105/05/18,70000,42160,0.60,0.61,0.59,0.60,0.04,11
105/05/19,104000,66830,0.62,0.67,0.62,0.67,0.07,10
105/05/20,52000,35040,0.62,0.69,0.62,0.68,0.01,6
105/05/23,215000,132660,0.66,0.67,0.57,0.60,-0.08,11
105/05/24,91000,55570,0.60,0.62,0.60,0.61,0.01,7
105/05/25,55000,30350,0.57,0.57,0.55,0.57,-0.04,3
105/05/26,0,0,--,--,--,--,,0
105/05/27,47000,23390,0.50,0.50,0.49,0.49,X,6
105/05/30,0,0,--,--,--,--,,0
105/05/31,0,0,--,--,--,--,,0
105/06/01,80000,34000,0.42,0.43,0.42,0.43,X,5
105/06/02,90000,42600,0.46,0.49,0.46,0.47,0.04,7
105/06/03,0,0,--,--,--,--,,0
105/06/04,0,0,--,--,--,--,,0
105/06/06,30000,13200,0.44,0.44,0.44,0.44,X,1
105/06/07,5000,1950,0.39,0.39,0.39,0.39,-0.05,1
105/06/08,48000,12080,0.25,0.26,0.25,0.26,-0.13,5
105/06/13,0,0,--,--,--,--,,0
105/06/14,30000,6900,0.23,0.23,0.23,0.23,X,3
105/06/15,0,0,--,--,--,--,,0
105/06/16,0,0,--,--,--,--,,0
105/06/17,21000,4000,0.19,0.20,0.19,0.20,X,3
105/06/20,0,0,--,--,--,--,,0
105/06/21,41000,6470,0.16,0.17,0.15,0.17,X,5
105/06/22,102000,17340,0.17,0.17,0.17,0.17,,1
105/06/23,0,0,--,--,--,--,,0
105/06/24,1000,220,0.22,0.22,0.22,0.22,X,1
105/06/27,96000,16110,0.17,0.17,0.16,0.16,-0.06,10
105/06/28,130000,19510,0.15,0.16,0.15,0.15,-0.01,5
105/06/29,102000,10730,0.10,0.12,0.10,0.12,-0.03,8
105/06/30,54000,5890,0.09,0.12,0.09,0.12,,3
105/07/01,61000,5510,0.09,0.11,0.09,0.11,-0.01,2
105/07/04,0,0,--,--,--,--,,0
105/07/05,66000,3960,0.06,0.06,0.06,0.06,X,1
105/07/06,0,0,--,--,--,--,,0
105/07/07,0,0,--,--,--,--,,0
106/03/30,109000,116630,1.07,1.07,1.07,1.07,-0.51,3
106/03/31,209000,219450,1.05,1.06,1.04,1.05,-0.02,5
106/04/05,305000,173190,0.64,0.65,0.52,0.52,-0.53,6
106/04/06,203000,113580,0.52,0.59,0.52,0.59,0.07,4
106/04/07,368000,220970,0.54,0.66,0.54,0.66,0.07,7
106/04/10,165000,105590,0.64,0.64,0.63,0.63,-0.03,3
106/04/11,140000,75610,0.53,0.57,0.53,0.57,-0.06,4
106/04/12,323000,179550,0.57,0.57,0.55,0.55,-0.02,4
106/04/13,345000,164750,0.49,0.49,0.44,0.47,-0.08,5
106/04/14,150000,79800,0.50,0.54,0.50,0.54,0.07,3
106/04/17,246000,145760,0.56,0.60,0.56,0.60,0.06,2
106/04/18,339000,176910,0.52,0.53,0.52,0.52,-0.08,4
106/04/19,139000,77870,0.54,0.57,0.54,0.57,0.05,3
106/04/20,138000,81240,0.60,0.60,0.56,0.56,-0.01,4
106/04/21,87000,45240,0.52,0.52,0.52,0.52,-0.04,1
106/04/24,4000,2080,0.52,0.52,0.52,0.52,,1
106/04/25,110000,52800,0.48,0.48,0.48,0.48,-0.04,1
106/04/26,114000,46780,0.42,0.42,0.41,0.41,-0.07,2
106/04/27,0,0,--,--,--,--,,0
106/04/28,0,0,--,--,--,--,,0
106/05/02,0,0,--,--,--,--,,0
106/05/03,455000,122950,0.27,0.29,0.27,0.29,X,4
106/05/04,70000,19400,0.28,0.28,0.27,0.27,-0.02,2
106/05/05,20000,5600,0.28,0.28,0.28,0.28,0.01,1
106/05/08,0,0,--,--,--,--,,0
106/05/09,230000,39100,0.17,0.17,0.17,0.17,X,2
106/05/10,280000,47900,0.17,0.18,0.17,0.18,0.01,3
106/05/11,250000,43000,0.17,0.18,0.17,0.18,,3
106/05/12,0,0,--,--,--,--,,0
106/05/15,0,0,--,--,--,--,,0
106/05/16,600000,105000,0.17,0.18,0.17,0.18,X,2
106/05/17,998000,179640,0.18,0.18,0.18,0.18,,2
106/05/18,529000,115980,0.22,0.22,0.20,0.20,0.02,3
106/05/19,20000,3800,0.19,0.19,0.19,0.19,-0.01,1
106/05/22,10000,1800,0.18,0.18,0.18,0.18,-0.01,1
106/05/23,220000,30800,0.14,0.14,0.14,0.14,-0.04,3
106/05/24,30000,4200,0.14,0.14,0.14,0.14,0.00,2
106/05/25,10000,1200,0.12,0.12,0.12,0.12,-0.02,1
106/05/26,0,0,--,--,--,--,0.00,0
106/05/31,0,0,--,--,--,--,0.00,0
106/06/01,0,0,--,--,--,--,0.00,0
106/06/02,467000,51370,0.11,0.11,0.11,0.11,0.00,6
106/06/03,397000,39700,0.10,0.10,0.10,0.10,-0.01,4
106/06/05,210000,19400,0.10,0.10,0.09,0.09,-0.01,3
106/06/06,0,0,--,--,--,--,0.00,0
106/06/07,0,0,--,--,--,--,0.00,0
106/06/08,150000,13500,0.09,0.09,0.09,0.09,0.00,1
106/06/09,0,0,--,--,--,--,0.00,0
106/06/12,260000,28600,0.11,0.11,0.11,0.11,0.00,2
106/06/13,0,0,--,--,--,--,0.00,0
106/06/14,559000,76670,0.11,0.14,0.11,0.14,0.00,4
106/06/15,40000,4400,0.11,0.11,0.11,0.11,-0.03,1
106/06/16,297000,23760,0.08,0.08,0.08,0.08,-0.03,3
106/06/19,297000,14850,0.05,0.05,0.05,0.05,-0.03,3
106/06/20,20000,800,0.04,0.04,0.04,0.04,-0.01,1
106/06/21,250000,10010,0.04,0.05,0.04,0.04,0.00,5
106/06/22,0,0,--,--,--,--,0.00,0
106/06/23,0,0,--,--,--,--,0.00,0
106/06/26,324000,6480,0.02,0.02,0.02,0.02,0.00,8
106/06/27,0,0,--,--,--,--,0.00,0
106/06/28,70000,2100,0.03,0.03,0.03,0.03,0.00,1
106/06/29,250000,7500,0.03,0.03,0.03,0.03,0.00,2
106/06/30,120000,2400,0.02,0.02,0.02,0.02,-0.01,2
106/07/03,34000,1020,0.03,0.03,0.03,0.03,0.01,1
106/07/04,97000,2720,0.02,0.03,0.02,0.03,0.00,5
106/07/05,112000,2240,0.02,0.02,0.02,0.02,-0.01,2
106/07/06,0,0,--,--,--,--,0.00,0
106/07/07,0,0,--,--,--,--,0.00,0
106/07/10,0,0,--,--,--,--,0.00,0
106/07/11,0,0,--,--,--,--,0.00,0
106/07/12,50000,500,0.01,0.01,0.01,0.01,0.00,1
106/07/13,0,0,--,--,--,--,0.00,0
106/07/14,0,0,--,--,--,--,0.00,0
106/07/17,0,0,--,--,--,--,0.00,0
106/07/18,0,0,--,--,--,--,0.00,0
106/07/19,50000,500,0.01,0.01,0.01,0.01,0.00,1
106/07/20,0,0,--,--,--,--,0.00,0
106/07/21,0,0,--,--,--,--,0.00,0
106/07/24,0,0,--,--,--,--,0.00,0
106/07/25,0,0,--,--,--,--,0.00,0
106/07/26,0,0,--,--,--,--,0.00,0
106/07/27,0,0,--,--,--,--,0.00,0
106/07/28,0,0,--,--,--,--,0.00,0
106/07/31,0,0,--,--,--,--,0.00,0
106/08/01,0,0,--,--,--,--,0.00,0
106/08/02,0,0,--,--,--,--,0.00,0
106/08/03,0,0,--,--,--,--,0.00,0
106/08/04,7000,70,0.01,0.01,0.01,0.01,0.00,7
106/08/07,0,0,--,--,--,--,0.00,0
106/08/08,0,0,--,--,--,--,0.00,0
106/08/09,0,0,--,--,--,--,0.00,0
106/08/10,6000,60,0.01,0.01,0.01,0.01,0.00,6
106/08/11,0,0,--,--,--,--,0.00,0
106/08/14,0,0,--,--,--,--,0.00,0
106/08/15,0,0,--,--,--,--,0.00,0
106/08/16,0,0,--,--,--,--,0.00,0
106/08/17,0,0,--,--,--,--,0.00,0
106/08/18,0,0,--,--,--,--,0.00,0
106/08/21,0,0,--,--,--,--,0.00,0
106/08/22,0,0,--,--,--,--,0.00,0
106/08/23,0,0,--,--,--,--,0.00,0
106/08/24,0,0,--,--,--,--,0.00,0
106/08/25,0,0,--,--,--,--,0.00,0
106/08/28,0,0,--,--,--,--,0.00,0
106/08/29,0,0,--,--,--,--,0.00,0
106/08/30,0,0,--,--,--,--,0.00,0
106/08/31,0,0,--,--,--,--,0.00,0
106/09/01,0,0,--,--,--,--,0.00,0
106/09/04,0,0,--,--,--,--,0.00,0
106/09/05,0,0,--,--,--,--,0.00,0
106/09/06,0,0,--,--,--,--,0.00,0
106/09/07,0,0,--,--,--,--,0.00,0
106/09/08,0,0,--,--,--,--,0.00,0
106/09/11,0,0,--,--,--,--,0.00,0
106/09/12,0,0,--,--,--,--,0.00,0
106/09/13,0,0,--,--,--,--,0.00,0
106/09/14,0,0,--,--,--,--,0.00,0
106/09/15,0,0,--,--,--,--,0.00,0
106/09/18,0,0,--,--,--,--,0.00,0
106/09/19,0,0,--,--,--,--,0.00,0
106/09/20,0,0,--,--,--,--,0.00,0
106/09/21,0,0,--,--,--,--,0.00,0
106/09/22,0,0,--,--,--,--,0.00,0
106/09/25,0,0,--,--,--,--,0.00,0
106/09/26,0,0,--,--,--,--,0.00,0
106/09/27,0,0,--,--,--,--,0.00,0
106/09/28,0,0,--,--,--,--,0.00,0
106/09/29,0,0,--,--,--,--,0.00,0
106/09/30,0,0,--,--,--,--,0.00,0
106/10/02,0,0,--,--,--,--,0.00,0
106/10/03,0,0,--,--,--,--,0.00,0
106/10/05,0,0,--,--,--,--,0.00,0
106/10/06,0,0,--,--,--,--,0.00,0
106/10/11,0,0,--,--,--,--,0.00,0
106/10/12,0,0,--,--,--,--,0.00,0
106/10/13,0,0,--,--,--,--,0.00,0
106/10/16,0,0,--,--,--,--,0.00,0
106/10/17,0,0,--,--,--,--,0.00,0
106/10/18,0,0,--,--,--,--,0.00,0
106/10/19,0,0,--,--,--,--,0.00,0
106/10/20,0,0,--,--,--,--,0.00,0
106/10/23,0,0,--,--,--,--,0.00,0
106/10/24,0,0,--,--,--,--,0.00,0
106/10/25,0,0,--,--,--,--,0.00,0
106/10/26,0,0,--,--,--,--,0.00,0
107/08/08,0,0,--,--,--,--,0.00,0
107/08/09,253000,356190,1.39,1.43,1.39,1.43,0.00,5
107/08/10,449000,613600,1.33,1.41,1.33,1.40,-0.03,8
107/08/13,980000,1512440,1.52,1.56,1.50,1.56,0.16,14
107/08/14,1021000,1648680,1.54,1.69,1.54,1.69,0.13,13
107/08/15,359000,578130,1.59,1.68,1.59,1.68,-0.01,11
107/08/16,225000,385510,1.74,1.74,1.67,1.67,-0.01,6
107/08/17,58000,91060,1.57,1.57,1.57,1.57,-0.10,1
107/08/20,205000,326470,1.56,1.63,1.56,1.62,0.05,5
107/08/21,400000,565020,1.38,1.43,1.37,1.42,-0.20,5
107/08/22,464000,672520,1.43,1.48,1.43,1.46,0.04,8
107/08/23,514000,764320,1.47,1.50,1.47,1.48,0.02,13
107/08/24,582000,879430,1.50,1.57,1.49,1.57,0.09,10
107/08/27,312000,476360,1.53,1.55,1.51,1.51,-0.06,9
107/08/28,0,0,--,--,--,--,0.00,0
107/08/29,34000,47070,1.38,1.42,1.37,1.42,0.00,7
107/08/30,54000,73300,1.33,1.37,1.29,1.37,-0.05,7
107/08/31,40000,54800,1.37,1.37,1.37,1.37,0.00,2
107/09/03,190000,261940,1.31,1.47,1.30,1.47,0.10,6
107/09/04,155000,219840,1.42,1.43,1.38,1.38,-0.09,10
107/09/05,0,0,--,--,--,--,0.00,0
107/09/06,0,0,--,--,--,--,0.00,0
107/09/07,175000,252200,1.39,1.52,1.39,1.49,0.00,8
107/09/10,103000,162240,1.55,1.58,1.55,1.58,0.09,4
107/09/11,208000,322610,1.57,1.57,1.54,1.54,-0.04,4
107/09/12,138000,225040,1.59,1.69,1.59,1.69,0.15,4
107/09/13,118000,195520,1.66,1.66,1.64,1.64,-0.05,3
107/09/14,5000,7700,1.54,1.54,1.54,1.54,-0.10,1
107/09/17,0,0,--,--,--,--,0.00,0
107/09/18,20000,29200,1.45,1.47,1.45,1.47,0.00,2
107/09/19,0,0,--,--,--,--,0.00,0
107/09/20,0,0,--,--,--,--,0.00,0
107/09/21,0,0,--,--,--,--,0.00,0
107/09/25,315000,412300,1.26,1.31,1.26,1.31,0.00,5
107/09/26,215000,279950,1.33,1.33,1.30,1.30,-0.01,2
107/09/27,700000,969000,1.37,1.42,1.37,1.42,0.12,4
107/09/28,205000,287300,1.40,1.46,1.40,1.46,0.04,3
107/10/01,5000,6800,1.36,1.36,1.36,1.36,-0.10,1
107/10/02,0,0,--,--,--,--,0.00,0
107/10/03,285000,406550,1.42,1.43,1.42,1.43,0.00,4
107/10/04,1109000,1719080,1.50,1.63,1.50,1.63,0.20,21
107/10/05,1196000,2026300,1.68,1.81,1.63,1.74,0.11,32
107/10/08,592000,1019650,1.67,1.80,1.63,1.80,0.06,16
107/10/09,444000,774170,1.72,1.81,1.70,1.79,-0.01,22
107/10/11,204000,432580,2.13,2.13,2.10,2.10,0.31,11
107/10/12,75000,156750,2.09,2.09,2.09,2.09,-0.01,1
107/10/15,75000,156000,2.08,2.08,2.08,2.08,-0.01,1
107/10/16,64000,124550,1.97,1.98,1.94,1.94,-0.14,64
107/10/17,184000,336570,1.83,1.85,1.82,1.84,-0.10,8
107/10/18,453000,858670,1.81,1.96,1.81,1.95,0.11,11
107/10/19,507000,1048540,2.07,2.14,1.93,1.93,-0.02,20
107/10/22,334000,628240,1.94,1.94,1.82,1.82,-0.11,11
107/10/23,442000,859540,1.90,1.99,1.90,1.98,0.16,16
107/10/24,439000,876520,1.97,2.05,1.94,2.02,0.04,20
107/10/25,677000,1517420,2.26,2.29,2.18,2.25,0.23,24
107/10/26,737000,1678270,2.16,2.46,2.14,2.46,0.21,25
107/10/29,517000,1192330,2.34,2.41,2.22,2.22,-0.24,21
107/10/30,35000,79700,2.30,2.30,2.26,2.26,0.04,3
107/10/31,100000,205130,2.04,2.07,2.04,2.05,-0.21,3
107/11/01,201000,391230,2.02,2.04,1.87,1.87,-0.18,8
107/11/02,75000,112940,1.48,1.65,1.48,1.65,-0.22,4
107/11/05,435000,682810,1.52,1.65,1.51,1.62,-0.03,12
107/11/06,1052000,1713390,1.54,1.73,1.54,1.73,0.11,29
107/11/07,488000,794360,1.64,1.65,1.60,1.61,-0.12,12
107/11/08,185000,277950,1.47,1.55,1.47,1.55,-0.06,7
107/11/09,722000,1201620,1.62,1.70,1.62,1.69,0.14,24
107/11/12,581000,949070,1.70,1.70,1.58,1.59,-0.10,17
107/11/13,538000,936960,1.73,1.85,1.63,1.63,0.04,18
107/11/14,554000,886480,1.60,1.62,1.55,1.62,-0.01,15
107/11/15,643000,1012140,1.59,1.61,1.55,1.57,-0.05,15
107/11/16,1263000,1952330,1.57,1.59,1.50,1.59,0.02,44
107/11/19,816000,1225090,1.59,1.59,1.39,1.40,-0.19,37
107/11/20,492000,696170,1.42,1.44,1.40,1.43,0.03,30
107/11/21,435000,610490,1.45,1.45,1.38,1.38,-0.05,22
107/11/22,366000,508840,1.33,1.45,1.33,1.45,0.07,21
107/11/23,1045000,1514720,1.42,1.48,1.40,1.48,0.03,32
107/11/26,374000,531660,1.43,1.46,1.41,1.42,-0.06,15
107/11/27,480000,667910,1.40,1.41,1.32,1.33,-0.09,16
107/11/28,696000,859070,1.22,1.29,1.09,1.14,-0.19,27
107/11/29,979000,1053700,1.04,1.15,1.03,1.15,0.01,27
107/11/30,277000,305720,1.11,1.13,1.09,1.09,-0.06,6
107/12/03,953000,791650,0.89,0.89,0.81,0.83,-0.26,16
107/12/04,62000,50160,0.80,0.85,0.78,0.85,0.02,7
107/12/05,21000,19210,0.92,0.92,0.91,0.91,0.06,2
107/12/06,31000,32750,1.07,1.07,1.04,1.06,0.15,4
107/12/07,5000,5450,1.09,1.09,1.09,1.09,0.03,1
107/12/10,10000,10400,1.04,1.04,1.04,1.04,-0.05,2
107/12/11,10000,10300,1.03,1.03,1.03,1.03,-0.01,1
107/12/12,70000,66280,0.94,0.96,0.94,0.96,-0.07,5
107/12/13,4000,3800,0.95,0.95,0.95,0.95,-0.01,1
107/12/14,114000,113000,0.99,1.00,0.99,1.00,0.05,2
107/12/17,101000,95950,0.95,0.95,0.95,0.95,-0.05,2
107/12/18,20000,17800,0.89,0.89,0.89,0.89,-0.06,1
107/12/19,148000,139320,0.92,1.04,0.92,1.04,0.15,4
107/12/20,642000,739190,1.05,1.21,1.05,1.18,0.14,18
107/12/21,518000,599400,1.18,1.21,1.13,1.13,-0.05,18
107/12/22,52000,60840,1.17,1.17,1.17,1.17,0.04,2
107/12/24,79000,90060,1.14,1.14,1.14,1.14,-0.03,1
107/12/25,144000,167230,1.18,1.18,1.11,1.15,0.01,5
107/12/26,41000,42230,1.03,1.03,1.03,1.03,-0.12,1
107/12/27,0,0,--,--,--,--,0.00,0
107/12/28,10000,10800,1.08,1.08,1.08,1.08,0.00,1
108/01/02,10000,10400,1.04,1.04,1.04,1.04,-0.04,1
108/01/03,40000,50000,1.25,1.25,1.25,1.25,0.21,1
108/01/04,48000,64560,1.33,1.42,1.33,1.42,0.17,2
108/01/07,0,0,--,--,--,--,0.00,0
108/01/08,49000,60500,1.22,1.31,1.22,1.31,0.00,2
108/01/09,41000,51250,1.25,1.25,1.25,1.25,-0.06,1
108/01/10,0,0,--,--,--,--,0.00,0
108/01/11,0,0,--,--,--,--,0.00,0
108/01/14,0,0,--,--,--,--,0.00,0
108/01/15,4000,2400,0.60,0.60,0.60,0.60,0.00,1
108/01/16,100000,56000,0.56,0.56,0.56,0.56,-0.04,1
108/01/17,100000,46000,0.46,0.46,0.46,0.46,-0.10,2
108/01/18,0,0,--,--,--,--,0.00,0
108/01/21,0,0,--,--,--,--,0.00,0
108/01/22,0,0,--,--,--,--,0.00,0
108/01/23,0,0,--,--,--,--,0.00,0
108/01/24,0,0,--,--,--,--,0.00,0
108/01/25,0,0,--,--,--,--,0.00,0
108/01/28,10000,1200,0.12,0.12,0.12,0.12,0.00,1
108/01/29,0,0,--,--,--,--,0.00,0
