102/11/28,3694450,225499870,63.00,63.00,59.00,60.00,X,2301
102/11/29,2128662,129837582,60.30,61.80,60.20,61.00,1.00,1111
102/12/02,1812600,112188720,61.50,63.10,61.20,61.50,0.50,994
102/12/03,1524800,91784500,61.50,61.80,59.30,60.00,-1.50,921
102/12/04,2261867,138843354,59.80,62.20,59.80,62.00,2.00,1327
102/12/05,2888327,188632579,62.80,66.30,62.80,66.30,4.30,1556
102/12/06,3620725,248811312,69.30,70.20,67.00,68.60,2.30,2178
102/12/09,2594154,182008370,70.00,71.70,68.60,69.30,0.70,1658
102/12/10,1892400,125297300,68.90,69.00,64.50,66.90,-2.40,1013
102/12/11,1644017,106485705,64.60,66.00,63.50,63.50,-3.40,769
102/12/12,1203596,76345932,63.00,64.70,62.20,63.90,0.40,539
102/12/13,901600,59390280,64.00,66.80,64.00,65.80,1.90,653
102/12/16,823600,52787539,66.00,66.20,63.30,63.50,-2.30,590
102/12/17,468300,29994100,63.80,64.50,63.70,64.00,0.50,325
102/12/18,621900,39440169,64.00,64.10,63.00,63.30,-0.70,434
102/12/19,484000,30968600,64.00,64.50,63.60,63.80,0.50,362
102/12/20,807214,51020810,63.50,64.90,62.50,64.90,1.10,570
102/12/23,2542875,172892925,66.60,69.40,65.80,69.40,4.50,1558
102/12/24,1685501,116378774,69.40,70.10,68.00,68.30,-1.10,1078
102/12/25,3720683,268609759,70.00,73.00,69.40,73.00,4.70,1932
102/12/26,2711550,197196060,73.00,73.90,71.60,73.00,,1694
102/12/27,2436442,185976935,76.00,77.60,74.10,76.00,3.00,1645
102/12/30,1867378,142957364,75.90,78.50,74.50,77.00,1.00,1301
102/12/31,1117352,85770620,77.00,77.70,76.10,76.30,-0.70,792
103/01/02,1858372,139145111,76.40,76.50,74.00,74.50,-1.80,1228
103/01/03,1020093,77101064,74.20,76.40,74.20,75.20,0.70,734
103/01/06,2011370,156895294,76.00,79.60,76.00,78.10,2.90,1376
103/01/07,939440,73120954,78.50,78.50,77.10,77.90,-0.20,632
103/01/08,1228463,96842014,78.50,80.00,77.80,78.10,0.20,816
103/01/09,1696179,129602035,78.00,78.00,74.50,74.80,-3.30,1059
103/01/10,663535,50012325,75.00,76.40,74.80,75.10,0.30,465
103/01/13,667792,49832984,75.80,76.10,73.80,74.10,-1.00,477
103/01/14,480098,35498270,73.90,74.60,73.30,74.10,,338
103/01/15,533038,40156053,74.50,76.20,74.10,75.00,0.90,413
103/01/16,466070,34853250,75.30,76.00,74.10,74.10,-0.90,310
103/01/17,793675,59851896,73.60,76.40,73.60,75.50,1.40,570
103/01/20,1446656,111646571,76.00,78.50,75.70,77.90,2.40,960
103/01/21,1303450,102122955,78.40,80.00,77.00,77.40,-0.50,870
103/01/22,917080,70381811,77.50,78.30,76.00,76.20,-1.20,618
103/01/23,910020,68248110,76.20,77.00,73.60,74.80,-1.40,611
103/01/24,367000,27317100,74.80,75.00,73.80,74.40,-0.40,267
103/01/27,493120,36017945,73.40,74.00,72.70,72.90,-1.50,329
103/02/05,291000,20995600,71.00,73.10,71.00,72.10,-0.80,205
103/02/06,245087,17802016,72.70,73.00,72.30,72.70,0.60,160
103/02/07,387213,28377798,73.00,74.10,72.60,73.60,0.90,285
103/02/10,195500,14255049,73.70,73.70,72.60,72.60,-1.00,168
103/02/11,1164620,80717780,71.00,71.00,68.10,68.70,-3.90,849
103/02/12,1023040,69377232,68.70,69.20,67.30,68.00,-0.70,622
103/02/13,479188,32721460,68.00,68.70,67.80,68.10,0.10,322
103/02/14,598000,40150200,68.30,68.60,66.60,66.60,-1.50,411
103/02/17,745290,49022127,66.60,66.60,65.00,65.50,-1.10,455
103/02/18,776100,51361500,65.50,67.40,64.70,66.90,1.40,539
103/02/19,278338,18743715,67.00,67.90,67.00,67.30,0.40,221
103/02/20,353101,23710570,67.30,68.20,66.60,68.20,0.90,256
103/02/21,471000,32206600,68.50,69.00,67.70,69.00,0.80,339
103/02/24,1622150,114172550,71.20,71.40,69.50,70.80,1.80,1097
103/02/25,473030,33173500,71.00,71.00,69.60,69.60,-1.20,341
103/02/26,409000,28364400,69.40,70.30,69.00,69.50,-0.10,298
103/02/27,441115,30433035,69.00,69.80,68.70,68.90,-0.60,309
103/03/03,197110,13574501,69.00,69.40,68.50,68.80,-0.10,148
103/03/04,311445,21437357,68.60,69.30,68.50,68.90,0.10,238
103/03/05,647500,45366498,69.60,71.00,69.20,70.60,1.70,426
103/03/06,505000,35816000,70.60,71.60,70.00,70.70,0.10,358
103/03/07,657560,45841667,70.70,71.00,68.60,70.30,-0.40,437
103/03/10,1349501,96128621,70.70,72.40,70.20,71.90,1.60,819
103/03/11,581299,41505617,72.60,72.80,70.90,71.00,-0.90,442
103/03/12,267501,18939469,71.00,71.40,70.60,70.80,-0.20,207
103/03/13,313000,22184200,70.80,71.50,70.40,70.40,-0.40,235
103/03/14,304000,21250500,70.00,70.20,69.60,70.00,-0.40,202
103/03/17,692262,49697694,71.30,72.50,70.60,72.50,2.50,485
103/03/18,513580,37303112,73.00,73.60,71.80,71.80,-0.70,379
103/03/19,431025,30548765,71.60,71.60,70.40,70.50,-1.30,307
103/03/20,319105,22426055,70.00,70.80,69.70,70.50,,207
103/03/21,596500,42761699,70.90,72.50,70.90,71.80,1.30,413
103/03/24,317017,22431415,71.40,71.40,69.90,71.20,-0.60,202
103/03/25,203450,14489504,71.20,71.50,70.80,71.30,0.10,148
103/03/26,262050,18650375,71.30,71.60,71.00,71.30,,187
103/03/27,238870,17057044,71.20,71.70,71.00,71.60,0.30,164
103/03/28,406300,28751727,71.30,71.50,70.00,70.00,-1.60,280
103/03/31,245000,17278200,70.20,71.00,69.80,70.90,0.90,156
103/04/01,238200,16863679,71.00,71.20,70.50,70.90,,159
103/04/02,168040,11906140,71.20,71.50,70.60,70.80,-0.10,124
103/04/03,712820,51330040,71.00,72.80,70.70,72.60,1.80,459
103/04/07,1007802,74236668,72.60,74.40,72.00,74.40,1.80,616
103/04/08,391450,28822675,73.80,74.30,73.20,73.50,-0.90,270
103/04/09,1920400,147016936,73.70,78.50,73.50,77.60,4.10,1150
103/04/10,1235295,93573011,77.40,77.50,74.80,75.10,-2.50,886
103/04/11,789070,57826838,73.90,75.00,72.00,73.10,-2.00,512
103/04/14,422174,30318156,72.50,73.00,71.40,71.40,-1.70,284
103/04/15,278005,20112470,71.80,73.30,71.60,72.30,0.90,198
103/04/16,177200,12799419,72.30,72.80,72.00,72.50,0.20,136
103/04/17,202450,14745615,72.50,73.40,72.40,72.50,,155
103/04/18,394005,28344385,72.50,73.20,71.10,71.70,-0.80,251
103/04/21,212300,15107360,71.70,71.70,71.00,71.10,-0.60,157
103/04/22,169000,12094200,71.20,72.00,71.20,71.50,0.40,123
103/04/23,222000,15914000,72.00,72.20,71.40,71.50,,130
103/04/24,195100,13843079,71.20,71.70,70.20,70.60,-0.90,154
103/04/25,623245,42620384,70.10,70.80,67.20,67.50,-3.10,405
103/04/28,246005,16508141,67.00,68.10,66.00,67.80,0.30,160
103/04/29,216000,14798800,68.50,68.90,68.10,68.60,0.80,123
103/04/30,134900,9256389,68.60,69.30,68.00,68.10,-0.50,106
103/05/02,83000,5697000,68.10,69.00,68.10,68.70,0.60,56
103/05/05,131000,9114500,69.10,70.30,69.10,69.70,1.00,85
103/05/06,139015,9635444,69.80,69.80,68.70,69.70,,100
103/05/07,156000,10711800,69.10,69.10,68.50,68.60,-1.10,131
103/05/08,272200,18494279,69.00,69.00,67.20,67.90,-0.70,192
103/05/09,181000,12294100,68.00,68.50,67.10,67.50,-0.40,123
103/05/12,248700,17097349,68.00,70.00,68.00,69.00,1.50,180
103/05/13,147508,10047691,69.00,69.00,67.00,68.00,-1.00,115
103/05/14,273399,18244571,68.00,68.00,65.60,67.10,-0.90,208
103/05/15,101240,6732759,67.00,67.00,66.30,66.70,-0.40,79
103/05/16,150000,10000800,66.50,67.30,66.00,67.00,0.30,93
103/05/19,95010,6354114,67.00,67.10,66.50,67.00,,72
103/05/20,80833,5440176,66.70,67.50,66.70,67.00,,68
103/05/21,66380,4439232,66.90,67.50,66.60,66.80,-0.20,54
103/05/22,107045,7232555,67.00,67.90,67.00,67.60,0.80,80
103/05/23,220258,15185250,68.00,70.00,68.00,69.30,1.70,164
103/05/26,180000,12465100,69.40,69.90,68.80,69.30,,119
103/05/27,361300,25293640,69.30,71.20,69.30,70.30,1.00,233
103/05/28,197035,13870178,70.80,71.10,69.50,69.50,-0.80,154
103/05/29,98000,6817100,69.50,70.00,69.40,69.80,0.30,70
103/05/30,153242,10646653,69.70,69.70,69.10,69.50,-0.30,108
103/06/03,182240,12705979,69.90,70.10,69.50,69.50,,126
103/06/04,235150,16458000,69.50,70.30,69.50,70.10,0.60,168
103/06/05,195302,13655740,70.10,70.20,69.70,70.10,,134
103/06/06,256900,18197888,70.10,71.60,70.10,70.50,0.40,214
103/06/09,327000,23195200,70.70,71.90,70.30,70.70,0.20,208
103/06/10,278172,19522582,70.70,70.80,69.80,69.80,-0.90,190
103/06/11,225000,15624800,69.90,70.00,69.00,69.20,-0.60,166
103/06/12,164958,11456562,69.60,69.70,69.20,69.20,,116
103/06/13,122000,8475700,69.20,70.00,69.00,69.20,,72
103/06/16,72004,5008678,69.90,69.90,69.30,69.30,0.10,51
103/06/17,1303607,94306613,69.90,74.00,69.90,73.50,4.20,904
103/06/18,4754395,366906525,78.30,78.60,74.00,75.20,1.70,2601
103/06/19,963080,72117536,75.00,76.50,73.90,74.00,-1.20,684
103/06/20,731400,54265759,74.10,75.60,73.30,73.60,-0.40,505
103/06/23,1332000,100777600,75.90,77.50,74.10,74.30,0.70,898
103/06/24,865300,65376409,74.80,76.70,74.30,75.00,0.70,537
103/06/25,597011,44112714,74.70,74.90,73.10,73.20,-1.80,418
103/06/26,444089,32663305,73.50,74.40,73.00,73.20,,332
103/06/27,227001,16644573,73.90,74.20,73.00,73.20,,168
103/06/30,406000,29804700,74.00,74.00,73.00,73.00,-0.20,294
103/07/01,548004,40711894,73.20,75.50,73.10,73.60,0.60,379
103/07/02,496000,36299500,74.20,74.40,72.50,72.80,-0.80,321
103/07/03,229000,16701100,72.70,73.40,72.70,72.90,0.10,165
103/07/04,839200,62563220,73.00,75.50,72.90,74.60,1.70,503
103/07/07,362000,26883800,74.70,75.30,73.40,73.60,-1.00,245
103/07/08,493699,35783996,72.00,73.00,72.00,72.30,-1.30,316
103/07/09,489100,35081549,72.00,72.70,71.20,71.60,-0.70,299
103/07/10,313000,22520400,72.00,72.50,71.40,71.90,0.30,233
103/07/11,297500,21120300,71.90,71.90,69.80,70.50,-1.40,237
103/07/14,200509,14134230,70.60,71.00,70.00,70.10,-0.40,153
103/07/15,259000,18400200,70.50,71.80,70.50,71.00,0.90,190
103/07/16,265000,18603200,70.80,70.80,70.00,70.00,-1.00,165
103/07/17,148017,10380298,70.00,70.60,70.00,70.30,0.30,118
103/07/18,558327,38990617,70.00,70.30,69.40,70.00,-0.30,352
103/07/21,278200,18904700,67.60,68.60,67.40,68.10,X,205
103/07/22,202906,13860345,68.40,68.80,67.80,67.90,-0.20,144
103/07/24,243100,16772350,68.10,69.70,68.10,69.20,1.30,176
103/07/25,223050,15485975,69.00,70.10,68.60,69.20,,164
103/07/28,540219,38146763,69.80,71.40,69.40,70.00,0.80,361
103/07/29,261010,18125184,70.20,70.50,68.60,68.60,-1.40,193
103/07/30,149504,10328974,68.80,69.50,68.80,69.20,0.60,93
103/07/31,190000,13020900,69.30,69.30,68.00,68.50,-0.70,132
103/08/01,119004,8113074,68.00,69.00,67.30,68.60,0.10,88
103/08/04,99000,6797100,68.60,68.90,68.40,68.50,-0.10,70
103/08/05,186000,12665500,68.50,68.80,67.70,67.90,-0.60,102
103/08/06,360235,24109045,68.00,68.10,65.70,67.30,-0.60,187
103/08/07,98450,6639675,67.30,68.10,67.10,67.80,0.50,73
103/08/08,160913,10979692,67.80,68.90,67.30,68.20,0.40,109
103/08/11,359150,23780980,67.00,67.10,65.40,66.40,-1.80,256
103/08/12,321272,22077749,69.80,69.80,68.20,68.20,1.80,248
103/08/13,266000,18287200,68.10,69.40,67.80,68.60,0.40,166
103/08/14,202000,13790600,68.60,69.00,67.60,67.80,-0.80,115
103/08/15,93100,6290390,67.80,68.00,67.20,68.00,0.20,84
103/08/18,257025,17166365,68.00,68.00,66.30,66.60,-1.40,170
103/08/19,138018,9305731,67.30,67.80,67.00,67.80,1.20,98
103/08/20,86018,5804518,67.80,67.80,67.30,67.70,-0.10,68
103/08/21,210193,14202146,67.70,68.00,67.10,68.00,0.30,124
103/08/22,266053,18248810,68.00,69.00,68.00,69.00,1.00,168
103/08/25,1086981,77081554,70.00,71.60,69.70,71.00,2.00,714
103/08/26,408700,28891068,71.50,71.50,70.20,70.50,-0.50,284
103/08/27,293038,20731890,70.60,71.40,70.30,70.30,-0.20,215
103/08/28,367000,25758200,70.10,71.20,69.40,69.40,-0.90,260
103/08/29,233129,16176191,69.40,69.80,69.20,69.70,0.30,158
103/09/01,204000,14273500,69.80,70.70,69.70,70.40,0.70,154
103/09/02,272000,19081300,70.50,70.80,69.80,70.10,-0.30,168
103/09/03,255100,17885500,70.10,70.70,69.70,70.10,,152
103/09/04,252081,17666636,70.10,70.90,69.50,69.60,-0.50,157
103/09/05,349150,24535114,69.60,70.80,69.60,70.50,0.90,204
103/09/09,212450,14926720,71.10,71.20,69.70,69.90,-0.60,146
103/09/10,706850,47247550,67.00,67.80,66.00,67.30,-2.60,438
103/09/11,318025,21251472,67.30,67.60,66.50,66.90,-0.40,211
103/09/12,164000,10963300,66.50,67.30,66.50,67.10,0.20,126
103/09/15,72150,4807430,66.70,67.10,66.10,66.50,-0.60,58
103/09/16,90100,5994240,66.50,66.90,66.30,66.40,-0.10,75
103/09/17,87000,5816000,66.80,67.30,66.60,66.60,0.20,68
103/09/18,58000,3868000,66.90,67.00,66.50,66.50,-0.10,42
103/09/19,68000,4537900,66.50,67.00,66.50,66.70,0.20,49
103/09/22,95482,6341307,66.50,66.70,66.20,66.50,-0.20,78
103/09/23,98000,6527800,66.50,66.80,66.30,66.30,-0.20,66
103/09/24,50000,3317800,66.60,66.60,66.10,66.20,-0.10,43
103/09/25,477053,30612665,66.20,66.30,62.40,63.00,-3.20,316
103/09/26,178083,11117761,62.40,63.50,61.20,62.50,-0.50,130
103/09/29,51000,3217400,62.80,63.40,62.80,63.40,0.90,43
103/09/30,122000,7695100,63.00,63.80,62.60,63.70,0.30,78
103/10/01,65150,4143295,63.60,64.10,63.10,63.50,-0.20,42
103/10/02,30083,1899120,63.20,63.20,62.80,63.20,-0.30,28
103/10/03,94150,5958664,63.20,63.60,63.00,63.00,-0.20,76
103/10/06,117000,7401100,63.00,63.60,63.00,63.10,0.10,60
103/10/07,124000,7747100,62.80,62.90,62.30,62.40,-0.70,69
103/10/08,239083,14765819,62.20,62.30,61.30,61.80,-0.60,173
103/10/09,253417,15584578,62.10,62.60,61.00,62.60,0.80,205
103/10/13,547003,32335576,61.30,61.30,58.30,58.30,-4.30,379
103/10/14,178000,10271300,58.30,58.50,57.00,57.10,-1.20,119
103/10/15,259100,14346400,57.20,57.60,53.60,53.70,-3.40,175
103/10/16,476950,24243850,53.60,53.60,49.95,51.00,-2.70,276
103/10/17,295250,15073625,51.60,52.00,50.30,50.30,-0.70,174
103/10/20,399010,20233710,51.70,51.70,50.30,50.80,0.50,232
103/10/21,111000,5644100,50.80,51.20,50.50,50.80,,81
103/10/22,322000,16866900,51.00,53.40,51.00,52.20,1.40,242
103/10/23,139000,7206700,52.00,52.50,51.50,52.20,,97
103/10/24,88000,4529900,52.50,52.50,51.00,51.10,-1.10,76
103/10/27,309000,15338600,50.80,50.80,48.60,48.60,-2.50,193
103/10/28,209000,10303550,48.90,49.70,48.90,49.50,0.90,119
103/10/29,220005,11067706,49.70,51.00,49.50,50.80,1.30,158
103/10/30,287700,14722848,50.80,52.10,50.70,51.70,0.90,164
103/10/31,144000,7451000,52.30,52.30,51.30,51.80,0.10,90
103/11/03,125000,6525800,52.30,52.50,52.00,52.00,0.20,88
103/11/04,102005,5285274,52.20,52.40,51.40,51.60,-0.40,65
103/11/05,170000,8692400,51.60,51.60,50.70,50.90,-0.70,102
103/11/06,185000,9234450,51.00,51.00,49.20,49.60,-1.30,139
103/11/07,141000,7058200,49.60,50.40,49.50,50.40,0.80,78
103/11/10,156000,7858500,50.00,50.70,50.00,50.20,-0.20,90
103/11/11,103001,5143053,50.00,50.30,49.60,49.75,-0.45,80
103/11/12,480500,25365300,51.00,53.20,50.90,53.20,3.45,314
103/11/13,1156470,63214374,54.50,55.50,53.60,54.00,0.80,815
103/11/14,286000,15515500,54.10,55.00,53.20,54.20,0.20,206
103/11/17,226000,12071900,54.90,54.90,52.90,52.90,-1.30,165
103/11/18,316000,16653700,53.70,54.10,51.90,52.50,-0.40,175
103/11/19,458100,24820560,53.50,55.00,53.10,53.70,1.20,315
103/11/20,218000,11771800,54.10,54.40,53.70,54.00,0.30,148
103/11/21,191000,10302900,54.20,54.50,53.60,53.70,-0.30,121
103/11/24,151000,8076600,54.30,54.30,53.20,53.40,-0.30,98
103/11/25,95000,5076000,53.90,53.90,53.20,53.50,0.10,68
103/11/26,144000,7768900,53.50,54.60,53.50,54.20,0.70,105
103/11/27,251000,13456400,54.30,54.50,53.20,53.20,-1.00,164
103/11/28,94080,5006947,53.00,53.40,53.00,53.20,,75
103/12/01,150000,7796100,50.60,52.80,50.60,52.40,-0.80,117
103/12/02,205000,10785600,52.70,52.90,52.40,52.60,0.20,99
103/12/03,280175,15099450,52.80,54.30,52.80,54.00,1.40,194
103/12/04,210000,11359200,54.40,54.70,53.70,53.70,-0.30,152
103/12/05,369850,20221308,53.70,55.30,53.60,54.90,1.20,275
103/12/08,461000,25597500,55.50,56.10,54.70,54.90,,318
103/12/09,256000,13796800,54.90,54.90,53.10,53.80,-1.10,177
103/12/10,356020,18775476,52.80,53.40,52.30,52.90,-0.90,253
103/12/11,68011,3577583,52.30,52.90,52.30,52.70,-0.20,56
103/12/12,122000,6489600,52.80,53.50,52.80,53.20,0.50,90
103/12/15,88018,4645275,52.80,53.00,52.60,52.80,-0.40,56
103/12/16,120154,6327338,52.80,53.40,52.20,52.30,-0.50,104
103/12/17,173050,8996770,52.50,52.80,51.70,51.70,-0.60,143
103/12/18,161553,8334413,52.30,52.50,51.00,51.30,-0.40,119
103/12/19,200003,10198153,51.00,51.90,50.30,50.60,-0.70,153
103/12/22,132140,6696540,51.00,51.20,50.10,50.90,0.30,105
103/12/23,94030,4809254,51.10,51.30,50.90,51.30,0.40,70
103/12/24,186000,9720100,51.30,52.70,51.30,52.10,0.80,140
103/12/25,200000,10503900,52.50,53.20,51.70,52.30,0.20,148
103/12/26,184000,9685200,52.30,53.00,52.10,52.80,0.50,125
103/12/27,84800,4483879,53.20,53.20,52.70,53.00,0.20,63
103/12/29,351000,18885400,53.00,54.30,53.00,53.60,0.60,246
103/12/30,167000,8859300,53.60,54.00,52.50,52.70,-0.90,108
103/12/31,78000,4126500,52.60,53.30,52.60,53.20,0.50,63
104/01/05,134450,7120204,53.20,53.60,52.50,53.20,,100
104/01/06,184064,9675678,53.20,53.20,52.20,52.20,-1.00,115
104/01/07,87000,4573400,52.80,53.20,52.20,52.60,0.40,78
104/01/08,260002,13880906,52.70,53.80,52.70,53.20,0.60,192
104/01/09,252000,13602400,53.70,54.30,53.70,54.10,0.90,189
104/01/12,216150,11370325,53.40,53.40,52.00,52.40,-1.70,167
104/01/13,132000,6922000,52.40,52.70,52.20,52.60,0.20,89
104/01/14,99000,5201300,52.60,52.90,52.30,52.30,-0.30,62
104/01/15,65000,3399300,52.60,52.60,52.10,52.30,,49
104/01/16,154000,7978900,52.30,52.50,51.50,51.50,-0.80,119
104/01/19,124000,6359300,52.00,52.10,51.00,51.10,-0.40,87
104/01/20,60000,3102700,51.50,52.10,51.40,51.90,0.80,51
104/01/21,106000,5510500,51.90,52.20,51.90,52.00,0.10,55
104/01/22,116000,6074300,52.20,52.70,52.10,52.40,0.40,90
104/01/23,102000,5375600,52.90,52.90,52.50,52.50,0.10,67
104/01/26,59000,3093900,52.20,52.90,52.20,52.30,-0.20,32
104/01/27,64000,3348000,52.50,52.60,52.00,52.10,-0.20,46
104/01/28,55000,2857800,52.00,52.10,51.80,52.10,,42
104/01/29,64080,3348940,52.20,52.60,52.00,52.50,0.40,52
104/01/30,75000,3925600,52.80,52.80,52.00,52.10,-0.40,52
104/02/02,20000,1038700,52.00,52.20,51.80,52.00,-0.10,13
104/02/03,49000,2551500,52.10,52.40,51.90,51.90,-0.10,37
104/02/04,68000,3538900,52.00,52.30,51.90,51.90,,50
104/02/05,67000,3450600,51.70,51.70,51.20,51.30,-0.60,58
104/02/06,69000,3527500,51.40,51.50,50.90,51.10,-0.20,54
104/02/09,39190,1997490,51.60,51.60,50.90,50.90,-0.20,35
104/02/10,103000,5223700,51.00,51.00,50.40,50.60,-0.30,71
104/02/11,34083,1727091,50.60,50.80,50.50,50.50,-0.10,29
104/02/12,119000,5954750,50.60,50.60,49.80,50.00,-0.50,77
104/02/13,99000,4950300,50.30,50.30,49.90,49.90,-0.10,69
104/02/24,124000,6198600,50.00,50.20,49.85,49.85,-0.05,80
104/02/25,133000,6674050,49.90,51.00,49.80,50.80,0.95,90
104/02/26,51000,2574700,50.80,50.80,50.20,50.70,-0.10,41
104/03/02,142000,7120750,50.70,50.70,49.90,50.20,-0.50,82
104/03/03,69100,3468820,50.20,50.40,50.10,50.10,-0.10,59
104/03/04,133500,6728598,50.10,50.90,50.10,50.70,0.60,105
104/03/05,276000,14256400,50.90,52.50,50.50,51.80,1.10,199
104/03/06,125000,6442700,51.80,51.90,51.30,51.40,-0.40,87
104/03/09,137000,7042900,51.10,51.90,50.90,51.40,,90
104/03/10,475206,23499385,50.80,50.80,48.85,49.15,-2.25,349
104/03/11,98000,4840600,49.00,49.65,49.00,49.50,0.35,81
104/03/12,134100,6700270,49.50,50.30,49.40,49.80,0.30,88
104/03/13,64000,3198600,50.00,50.10,49.80,49.95,0.15,48
104/03/16,65000,3232900,49.95,50.00,49.65,49.70,-0.25,46
104/03/17,70012,3466845,50.00,50.00,49.20,49.25,-0.45,52
104/03/18,81450,4018888,49.50,49.50,49.20,49.20,-0.05,63
104/03/19,131100,6470125,49.50,49.75,49.20,49.30,0.10,85
104/03/20,128000,6324100,49.30,49.60,49.20,49.30,,85
104/03/23,1083182,50244541,49.00,49.00,45.85,45.90,-3.40,753
104/03/24,494657,22115580,45.90,46.00,43.95,45.10,-0.80,374
104/03/25,135000,6045550,45.00,45.00,44.50,44.60,-0.50,103
104/03/26,241005,10575280,44.15,44.60,43.50,44.05,-0.55,162
104/03/27,141211,6261817,44.50,44.60,44.05,44.45,0.40,111
104/03/30,200012,9018964,44.50,45.65,44.50,45.05,0.60,153
104/03/31,139580,6276098,45.30,45.30,44.50,44.50,-0.55,103
104/04/01,72001,3213896,44.55,45.00,44.50,44.65,0.15,62
104/04/02,53000,2366600,45.05,45.05,44.40,44.55,-0.10,47
104/04/07,109009,4841698,44.55,44.90,44.05,44.05,-0.50,73
104/04/08,61500,2718475,44.50,44.50,44.05,44.05,,46
104/04/09,157100,7028250,44.10,45.15,44.10,44.60,0.55,121
104/04/10,142967,6281714,44.70,44.70,43.60,43.60,-1.00,114
104/04/13,484101,20186867,43.60,43.60,41.20,41.65,-1.95,332
104/04/14,354331,14489919,41.60,41.60,40.70,40.90,-0.75,267
104/04/15,258080,10553270,40.60,41.55,40.60,41.25,0.35,188
104/04/16,211000,8797050,41.70,42.05,41.40,41.50,0.25,157
104/04/17,105000,4315400,41.80,41.80,40.80,41.20,-0.30,83
104/04/20,78000,3203750,41.20,41.40,40.60,40.70,-0.50,55
104/04/21,154000,6170100,41.00,41.40,39.30,40.00,-0.70,114
104/04/22,241293,9465552,40.00,40.05,38.90,39.45,-0.55,166
104/04/23,135314,5389260,39.50,40.25,39.40,39.80,0.35,110
104/04/24,104005,4161799,40.30,40.30,39.80,39.90,0.10,88
104/04/27,135900,5391200,40.50,40.50,39.45,39.70,-0.20,114
104/04/28,60000,2383800,39.95,39.95,39.60,39.60,-0.10,50
104/04/29,117000,4672850,40.00,40.40,39.60,39.70,0.10,93
104/04/30,41000,1629500,39.60,39.90,39.60,39.80,0.10,34
104/05/04,87300,3490405,40.50,40.50,39.80,40.10,0.30,66
104/05/05,164000,6474000,40.00,40.00,39.10,39.30,-0.80,114
104/05/06,92000,3592400,39.30,39.30,38.90,39.10,-0.20,76
104/05/07,724100,26802250,39.10,39.10,36.40,36.40,-2.70,497
104/05/08,248101,8950797,36.40,36.65,35.70,35.70,-0.70,179
104/05/11,508600,17154949,35.70,36.10,33.25,33.25,-2.45,328
104/05/12,263566,8832273,33.25,34.45,32.60,33.65,0.40,185
104/05/13,565000,19744900,34.00,36.00,33.80,36.00,2.35,259
104/05/14,599201,22219645,36.50,37.80,36.50,36.85,0.85,434
104/05/15,353516,12151997,34.30,34.80,34.30,34.30,-2.55,238
104/05/18,378134,12229788,33.15,33.80,31.90,31.90,-2.40,262
104/05/19,616451,19066001,30.50,31.85,30.50,31.55,-0.35,298
104/05/20,295000,9123950,31.50,31.60,30.75,30.80,-0.75,200
104/05/21,282550,8637520,30.50,31.15,29.95,30.90,0.10,190
104/05/22,211359,6624258,30.60,31.70,30.60,31.15,0.25,164
104/05/25,108260,3411068,31.15,32.00,31.10,31.30,0.15,97
104/05/26,64060,2015670,31.70,31.80,31.30,31.35,0.05,52
104/05/27,187000,5863850,31.35,31.70,30.95,31.70,0.35,112
104/05/28,130000,4093000,32.00,32.00,31.20,31.30,-0.40,93
104/05/29,127923,4037019,31.35,31.75,31.35,31.55,0.25,107
104/06/01,57000,1790300,31.80,32.00,31.25,31.25,-0.30,45
104/06/02,59000,1844900,31.60,31.60,31.10,31.20,-0.05,44
104/06/03,178015,5502421,31.20,31.20,30.75,31.00,-0.20,110
104/06/04,459460,13820742,31.00,31.05,29.00,29.20,-1.80,265
104/06/05,302176,8786856,29.00,29.40,28.75,29.10,-0.10,153
104/06/08,255100,7340180,28.80,28.90,28.30,28.40,-0.70,112
104/06/09,447900,12092913,28.00,28.10,26.25,26.35,-2.05,277
104/06/10,141050,3751600,26.10,26.80,26.10,26.60,0.25,112
104/06/11,283001,7330076,27.10,27.10,25.20,25.60,-1.00,197
104/06/12,193000,5075350,25.60,26.85,25.60,26.20,0.60,141
104/06/15,106049,2811577,26.20,26.85,26.20,26.50,0.30,79
104/06/16,134000,3453650,26.45,26.45,25.50,25.75,-0.75,86
104/06/17,223000,5875150,25.80,26.80,25.80,26.35,0.60,143
104/06/18,106000,2841950,26.60,27.00,26.50,26.95,0.60,80
104/06/22,105788,2842868,27.10,27.10,26.60,26.80,-0.15,71
104/06/23,108500,2931473,27.00,27.30,26.90,26.95,0.15,83
104/06/24,61000,1647250,27.40,27.40,26.85,26.85,-0.10,52
104/06/25,72000,1954050,27.10,27.35,27.00,27.35,0.50,58
104/06/26,71000,1945800,27.40,27.60,27.20,27.60,0.25,54
104/06/29,100000,2701750,27.40,27.40,26.80,27.00,-0.60,79
104/06/30,79100,2135410,26.95,27.15,26.90,26.95,-0.05,43
104/07/01,28000,758100,27.20,27.20,27.00,27.00,0.05,27
104/07/02,778000,22801950,27.30,29.70,27.30,29.70,2.70,486
104/07/03,461100,13764574,29.95,30.30,29.55,29.60,-0.10,323
104/07/06,182500,5336374,29.40,29.50,28.95,29.35,-0.25,136
104/07/07,85300,2531290,29.65,29.90,29.35,29.80,0.45,70
104/07/08,180000,5070000,29.80,29.80,27.25,27.85,-1.95,129
104/07/09,100003,2744891,27.10,27.85,27.10,27.85,,62
104/07/13,106412,2953969,28.20,28.20,27.45,27.80,-0.05,76
104/07/14,156355,4255087,27.80,27.80,26.60,27.20,-0.60,96
104/07/15,170091,4555807,27.10,27.10,26.50,26.50,-0.70,121
104/07/16,136000,3399400,25.20,25.20,24.70,24.80,X,93
104/07/17,46000,1137750,25.00,25.00,24.60,24.60,-0.20,42
104/07/20,144009,3438714,24.80,24.80,22.80,22.80,-1.80,117
104/07/21,280000,6162400,22.80,22.95,21.05,21.75,-1.05,179
104/07/22,102000,2208400,21.60,21.95,21.30,21.30,-0.45,82
104/07/23,336019,6887156,21.30,21.45,20.00,20.50,-0.80,219
104/07/24,93300,1891150,20.25,20.40,20.10,20.25,-0.25,64
104/07/27,235695,4593189,20.00,20.40,18.55,18.70,-1.55,147
104/07/28,110013,2078266,18.30,19.20,18.30,19.00,0.30,75
104/07/29,79000,1505700,19.00,19.20,18.90,19.10,0.10,56
104/07/30,144405,2935431,19.30,20.90,19.25,20.10,1.00,121
104/07/31,45079,888372,20.10,20.10,19.45,19.45,-0.65,39
104/08/03,47000,906400,19.50,19.70,19.10,19.10,-0.35,35
104/08/04,136000,2595600,19.30,19.30,18.65,18.70,-0.40,72
104/08/05,177000,3442450,18.70,20.20,18.70,20.05,1.35,101
104/08/06,61313,1221060,20.10,20.20,19.60,19.75,-0.30,43
104/08/07,79000,1538650,19.40,19.80,19.30,19.70,-0.05,45
104/08/10,47000,950650,20.50,20.50,19.85,20.10,0.40,33
104/08/11,81000,1623750,20.25,20.40,19.80,20.00,-0.10,52
104/08/12,81800,1643360,19.80,20.35,19.80,20.30,0.30,50
104/08/13,78000,1571300,20.40,20.50,20.00,20.15,-0.15,50
104/08/14,59500,1197099,20.20,20.25,19.95,19.95,-0.20,36
104/08/17,94500,1868099,19.85,20.00,19.55,19.60,-0.35,54
104/08/18,18261,360565,20.00,20.00,19.50,19.60,,19
104/08/19,71584,1392704,19.50,19.90,19.10,19.90,0.30,60
104/08/20,28205,552528,19.60,19.75,19.50,19.50,-0.40,24
104/08/21,168555,3205515,19.55,19.55,18.80,18.80,-0.70,96
104/08/24,241007,4126620,18.25,18.25,16.95,17.05,-1.75,135
104/08/25,182112,2998841,16.00,17.05,16.00,16.40,-0.65,97
104/08/26,81022,1348620,16.30,16.85,16.30,16.70,0.30,45
104/08/27,118000,2070900,17.00,18.20,16.85,17.50,0.80,80
104/08/28,94030,1692837,17.80,18.30,17.80,18.00,0.50,66
104/08/31,85000,1497750,18.00,18.10,17.35,17.70,-0.30,66
104/09/01,45150,805526,17.70,17.90,17.70,17.85,0.15,37
104/09/02,47000,847150,18.00,18.25,17.60,17.95,0.10,34
104/09/03,73000,1330750,18.15,18.50,17.95,18.30,0.35,55
104/09/04,32058,586208,18.50,18.50,18.20,18.25,-0.05,26
104/09/07,29000,525500,18.00,18.30,17.95,18.30,0.05,27
104/09/08,80005,1472192,18.45,18.60,18.20,18.40,0.10,38
104/09/09,297252,5872302,18.65,20.20,18.60,19.80,1.40,162
104/09/10,170200,3292950,19.80,19.80,19.15,19.35,-0.45,79
104/09/11,121100,2378210,19.20,20.10,19.20,19.60,0.25,83
104/09/14,89000,1728950,19.90,19.90,19.30,19.40,-0.20,54
104/09/15,65100,1263600,19.40,19.60,19.30,19.35,-0.05,38
104/09/16,84000,1667900,19.35,20.20,19.35,19.75,0.40,61
104/09/17,317507,6559020,20.10,21.35,19.80,21.00,1.25,208
104/09/18,135000,2825200,21.00,21.10,20.55,21.10,0.10,74
104/09/21,57000,1169300,21.00,21.00,20.30,20.85,-0.25,38
104/09/22,51005,1065655,20.60,21.10,20.50,20.95,0.10,41
104/09/23,122304,2507369,20.50,20.65,20.35,20.45,-0.50,79
104/09/24,115051,2290114,20.45,20.45,19.50,19.75,-0.70,65
104/09/25,61005,1196899,19.60,19.80,19.45,19.80,0.05,33
104/09/30,24000,479500,19.70,20.30,19.50,20.05,0.25,18
104/10/01,42000,849400,20.50,20.50,20.00,20.30,0.25,29
104/10/02,43300,887939,21.20,21.20,20.20,20.40,0.10,34
104/10/05,47000,956850,20.45,20.45,20.15,20.30,-0.10,31
104/10/06,93100,1914190,20.45,20.85,20.40,20.40,0.10,61
104/10/07,58000,1186900,20.25,20.90,20.10,20.50,0.10,39
104/10/08,95350,1914950,20.40,20.40,19.80,19.90,-0.60,60
104/10/12,122000,2423400,19.90,20.05,19.60,19.80,-0.10,69
104/10/13,27000,538450,20.10,20.10,19.75,19.90,0.10,23
104/10/14,71100,1400988,20.10,20.10,19.50,19.75,-0.15,69
104/10/15,707100,15201510,19.70,21.70,19.70,21.70,1.95,366
104/10/16,1552200,35788320,22.00,23.85,21.40,23.85,2.15,774
104/10/19,1335202,33917670,25.00,25.95,24.50,25.60,1.75,731
104/10/20,544440,13669430,25.60,25.60,24.80,25.25,-0.35,336
104/10/21,1251260,33067094,26.10,27.40,25.30,27.00,1.75,721
104/10/22,509453,13460073,27.00,27.10,26.05,26.50,-0.50,293
104/10/23,329000,8674250,27.00,27.05,25.95,26.50,,218
104/10/26,233650,6169593,26.65,26.70,26.05,26.30,-0.20,136
104/10/27,321000,8361100,26.60,26.60,25.60,26.25,-0.05,170
104/10/28,198160,5093587,25.90,26.35,25.10,25.55,-0.70,136
104/10/29,360604,8951305,25.60,25.60,24.10,24.10,-1.45,202
104/10/30,320157,7996938,24.20,26.00,24.10,25.25,1.15,214
104/11/02,93000,2308500,25.50,25.50,24.60,24.95,-0.30,73
104/11/03,109000,2744300,25.00,25.50,24.70,25.40,0.45,84
104/11/04,152000,3871600,25.35,25.80,25.20,25.50,0.10,97
104/11/05,382000,10086600,25.55,27.20,25.50,26.70,1.20,231
104/11/06,241000,6250900,26.80,27.00,24.70,25.45,-1.25,170
104/11/09,96001,2465826,25.45,26.45,25.00,25.70,0.25,72
104/11/10,161001,4035628,25.00,25.45,24.95,25.10,-0.60,96
104/11/11,201160,4869753,24.80,24.80,23.80,24.50,-0.60,104
104/11/12,123012,2951488,24.40,24.60,23.60,24.10,-0.40,68
104/11/13,129800,3059808,23.90,23.90,23.15,23.70,-0.40,71
104/11/16,115001,2641823,23.50,23.50,22.60,22.95,-0.75,71
104/11/17,84000,1956450,23.25,23.60,23.00,23.05,0.10,64
104/11/18,43274,997402,23.30,23.30,23.00,23.10,0.05,31
104/11/19,117000,2706150,23.10,23.40,22.80,23.05,-0.05,79
104/11/20,82000,1932300,23.10,23.80,23.10,23.40,0.35,67
104/11/23,79000,1871650,23.45,23.95,23.45,23.50,0.10,57
104/11/24,75000,1707350,23.50,23.50,22.55,22.55,-0.95,54
104/11/25,143200,3089030,22.50,22.50,21.35,21.70,-0.85,94
104/11/26,100000,2189750,21.65,22.20,21.30,22.10,0.40,66
104/11/27,80035,1729198,22.00,22.00,21.20,21.20,-0.90,61
104/11/30,251043,5070776,21.20,21.20,19.90,20.10,-1.10,152
104/12/01,77500,1603000,20.30,21.15,20.30,21.00,0.90,59
104/12/02,81000,1711850,21.00,21.40,20.75,21.35,0.35,57
104/12/03,47000,1022850,21.35,22.40,21.35,21.55,0.20,38
104/12/04,86000,1851550,21.60,21.90,20.80,21.70,0.15,61
104/12/07,103100,2338090,22.10,23.10,22.10,23.00,1.30,74
104/12/08,145013,3282193,23.15,23.15,22.35,22.35,-0.65,87
104/12/09,81000,1782050,22.30,22.50,21.50,21.70,-0.65,58
104/12/10,65087,1373420,21.50,21.50,20.90,21.30,-0.40,46
104/12/11,32000,665850,21.45,21.45,20.50,20.60,-0.70,25
104/12/14,63000,1274400,20.40,20.55,20.10,20.25,-0.35,40
104/12/15,58000,1162400,20.00,20.30,20.00,20.20,-0.05,37
104/12/16,49000,992850,20.30,20.55,20.05,20.30,0.10,36
104/12/17,57000,1186100,20.50,21.10,20.50,20.80,0.50,36
104/12/18,60000,1255450,21.25,21.25,20.65,20.85,0.05,44
104/12/21,109000,2281850,20.75,21.45,20.70,21.35,0.50,66
104/12/22,58000,1228200,21.50,21.50,20.95,21.05,-0.30,44
104/12/23,62000,1329250,21.15,21.70,21.15,21.45,0.40,42
104/12/24,50000,1059450,21.45,21.50,20.90,20.90,-0.55,36
104/12/25,46000,971800,21.00,21.35,21.00,21.35,0.45,34
104/12/28,69000,1475550,21.30,21.60,21.30,21.50,0.15,28
104/12/29,37000,782500,21.50,21.50,20.60,21.15,-0.35,24
104/12/30,106000,2143050,21.20,21.20,19.50,19.50,-1.65,51
104/12/31,116000,2341200,20.10,20.65,19.90,20.10,0.60,77
105/01/04,79215,1568156,20.20,20.20,19.50,19.60,-0.50,46
105/01/05,188004,3554928,19.80,19.80,18.55,18.80,-0.80,124
105/01/06,107000,1982650,18.70,18.95,18.20,18.30,-0.50,75
105/01/07,139000,2399150,18.30,18.65,16.70,17.10,-1.20,97
105/01/08,69000,1202050,16.95,18.00,16.95,17.70,0.60,48
105/01/11,88000,1496800,17.70,17.70,16.80,17.15,-0.55,49
105/01/12,66000,1121850,17.10,17.25,16.75,16.95,-0.20,47
105/01/13,30000,509200,17.10,17.10,16.80,17.00,0.05,20
105/01/14,41000,699750,17.00,17.10,17.00,17.10,0.10,25
105/01/15,34000,580450,16.95,17.20,16.95,17.00,-0.10,27
105/01/18,37000,641450,17.00,17.60,16.95,17.60,0.60,29
105/01/19,29000,515200,17.55,18.05,17.45,18.00,0.40,26
105/01/20,29000,509250,18.00,18.00,17.40,17.40,-0.60,14
105/01/21,10000,173950,17.50,17.50,17.25,17.25,-0.15,8
105/01/22,10000,170900,17.25,17.25,17.00,17.20,-0.05,7
105/01/25,34000,582650,17.20,17.20,17.00,17.20,,26
105/01/26,22000,377950,17.20,17.25,17.00,17.20,,17
105/01/27,17000,292650,17.20,17.35,17.10,17.25,0.05,14
105/01/28,19000,329750,17.05,17.55,17.05,17.30,0.05,16
105/01/29,125000,2271450,17.60,18.75,17.30,17.90,0.60,70
105/01/30,105999,1980631,18.10,19.10,18.10,18.35,0.45,71
105/02/01,34504,620547,18.35,18.35,17.30,18.00,-0.35,33
105/02/02,25495,458509,18.00,18.00,17.85,18.00,,18
105/02/03,48000,846850,17.65,17.80,17.60,17.60,-0.40,32
105/02/15,30000,541000,18.00,18.15,17.80,18.10,0.50,21
105/02/16,91250,1637749,18.00,18.10,17.70,17.90,-0.20,48
105/02/17,132004,2380722,18.00,18.15,17.95,18.00,0.10,61
105/02/18,168000,3032850,18.00,18.15,17.90,18.05,0.05,67
105/02/19,99000,1794200,18.10,18.20,18.00,18.20,0.15,54
105/02/22,54000,982700,18.10,18.25,18.10,18.20,,32
105/02/23,327025,6143426,18.30,19.35,18.20,18.90,0.70,154
105/02/24,140000,2666250,18.90,19.20,18.90,18.90,,92
105/02/25,71012,1357876,18.95,19.20,18.95,19.05,0.15,35
105/02/26,27200,517240,19.10,19.10,18.90,19.05,,20
105/03/01,158132,3017637,19.00,19.30,18.85,19.30,0.25,82
105/03/02,127331,2475804,19.30,19.70,19.10,19.40,0.10,78
105/03/03,196000,3890600,19.60,20.10,19.50,19.80,0.40,123
105/03/04,88000,1745350,19.80,19.90,19.60,19.80,,40
105/03/07,133027,2639035,19.90,20.10,19.65,19.65,-0.15,70
105/03/08,57000,1110650,19.70,19.75,19.20,19.50,-0.15,37
105/03/09,60000,1156400,19.20,19.35,19.10,19.35,-0.15,30
105/03/10,223000,4222600,19.25,19.25,18.80,19.00,-0.35,102
105/03/11,200000,3737800,19.00,19.00,18.40,19.00,,119
105/03/14,73000,1389700,19.00,19.15,18.95,18.95,-0.05,43
105/03/15,94000,1790450,19.25,19.25,18.85,19.00,0.05,54
105/03/16,75000,1443700,19.35,19.35,18.80,19.25,0.25,46
105/03/17,56000,1068650,19.60,19.60,18.95,18.95,-0.30,34
105/03/18,42000,796750,19.25,19.25,18.85,18.95,,20
105/03/21,14000,265400,18.85,19.15,18.85,19.15,0.20,10
105/03/22,23000,438250,19.10,19.10,18.85,19.10,-0.05,11
105/03/23,75000,1425350,19.40,19.40,18.90,19.10,,37
105/03/24,132002,2408592,19.10,19.10,17.80,18.25,-0.85,82
105/03/25,29002,531540,18.65,18.65,18.05,18.35,0.10,20
105/03/28,80169,1456458,18.70,18.70,18.00,18.10,-0.25,46
105/03/29,34000,614400,18.20,18.25,18.00,18.10,,21
105/03/30,55000,996100,17.90,18.35,17.90,18.05,-0.05,26
105/03/31,45000,810200,18.20,18.20,17.90,18.00,-0.05,29
105/04/01,11000,197350,17.90,18.00,17.90,17.90,-0.10,11
105/04/06,35000,612500,17.40,17.65,17.40,17.65,-0.25,31
105/04/07,40000,699500,17.40,17.70,17.35,17.40,-0.25,23
105/04/08,27003,471901,17.30,17.70,17.30,17.40,,22
105/04/11,14001,246068,17.50,17.70,17.50,17.50,0.10,13
105/04/12,41000,695750,17.30,17.30,16.70,16.75,-0.75,27
105/04/13,41000,690100,16.75,17.00,16.75,16.80,0.05,26
105/04/14,35000,594550,17.00,17.20,16.85,16.90,0.10,22
105/04/15,76000,1277350,16.80,17.05,16.65,16.90,,25
105/04/18,16000,270700,16.60,17.10,16.60,17.00,0.10,13
105/04/19,34000,579150,17.15,17.15,17.00,17.00,,16
105/04/20,20000,338450,17.00,17.00,16.90,16.95,-0.05,15
105/04/21,18113,306397,16.90,17.00,16.75,16.90,-0.05,13
105/04/22,22000,369000,16.80,16.80,16.70,16.80,-0.10,12
105/04/25,46000,755650,16.60,16.65,16.30,16.35,-0.45,24
105/04/26,48365,782775,16.35,16.35,16.00,16.00,-0.35,35
105/04/27,75000,1196300,16.00,16.00,15.85,16.00,,41
105/04/28,38005,606030,16.00,16.05,15.80,15.90,-0.10,21
105/04/29,22200,347219,15.70,15.80,15.55,15.70,-0.20,15
105/05/03,57050,887879,15.50,15.70,15.40,15.45,-0.25,25
105/05/04,61346,948242,15.45,15.60,15.35,15.35,-0.10,30
105/05/05,30148,454641,15.30,15.30,14.90,15.00,-0.35,26
105/05/06,91211,1330993,15.10,15.10,14.30,14.80,-0.20,62
105/05/09,58006,851238,14.90,14.90,14.45,14.75,-0.05,30
105/05/10,32216,468942,14.95,14.95,14.45,14.45,-0.30,25
105/05/11,57031,834007,14.60,14.75,14.50,14.60,0.15,35
105/05/12,44000,627250,14.60,14.60,14.10,14.10,-0.50,33
105/05/13,147000,2028050,14.00,14.00,13.60,13.95,-0.15,74
105/05/16,86868,1166939,13.55,13.85,13.20,13.80,-0.15,57
105/05/17,56192,768467,13.70,13.90,13.50,13.80,,30
105/05/18,48000,672800,13.80,14.15,13.80,14.15,0.35,25
105/05/19,14000,199350,14.50,14.50,14.10,14.30,0.15,13
105/05/20,17000,243350,14.50,14.50,14.05,14.30,,12
105/05/23,30150,438090,14.60,14.70,14.45,14.50,0.20,19
105/05/24,10000,145500,14.75,14.75,14.50,14.60,0.10,7
105/05/25,54200,791850,14.85,14.85,14.55,14.60,,30
105/05/26,46200,672940,14.80,14.80,14.50,14.60,,25
105/05/27,26000,377800,14.40,14.70,14.40,14.70,0.10,16
105/05/30,18000,263550,14.45,14.75,14.45,14.75,0.05,13
105/05/31,11403,166273,14.50,14.75,14.50,14.60,-0.15,12
105/06/01,8125,118943,14.50,14.75,14.50,14.65,0.05,11
105/06/02,37000,538900,14.75,14.75,14.35,14.60,-0.05,28
105/06/03,43000,629450,14.60,14.80,14.50,14.70,0.10,27
105/06/04,47000,696600,14.75,15.05,14.65,14.80,0.10,27
105/06/06,81000,1212800,14.85,15.30,14.80,15.05,0.25,49
105/06/07,72000,1079900,15.00,15.15,14.85,15.05,,25
105/06/08,34000,503550,14.90,14.90,14.75,14.75,-0.30,25
105/06/13,34000,506150,14.80,15.15,14.60,14.85,0.10,24
105/06/14,20900,313310,15.00,15.00,14.90,15.00,0.15,9
105/06/15,32000,481750,15.55,15.55,15.00,15.00,,19
105/06/16,32000,474700,15.05,15.10,14.60,14.90,-0.10,24
105/06/17,24000,357950,15.00,15.00,14.80,14.95,0.05,22
105/06/20,19164,286693,15.05,15.05,14.80,15.00,0.05,18
105/06/21,62001,924314,14.90,15.05,14.80,14.85,-0.15,37
105/06/22,86000,1270750,14.95,14.95,14.70,14.70,-0.15,50
105/06/23,29000,426700,14.70,14.85,14.70,14.70,,17
105/06/24,70000,1014500,14.70,14.70,14.30,14.50,-0.20,40
105/06/27,14000,201800,13.90,14.60,13.90,14.60,0.10,13
105/06/28,37000,531400,14.60,14.60,14.25,14.50,-0.10,25
105/06/29,31000,455050,14.80,14.90,14.30,14.55,0.05,26
105/06/30,16000,234950,14.80,14.80,14.50,14.75,0.20,12
105/07/01,33000,484500,14.75,14.75,14.60,14.75,,19
105/07/04,30063,442095,14.80,14.80,14.60,14.80,0.05,20
105/07/05,771504,12420890,14.80,16.25,14.80,16.25,1.45,232
105/07/06,955689,16214360,16.25,17.70,16.25,17.35,1.10,504
105/07/07,467350,7940844,17.75,17.75,16.50,16.80,-0.55,259
105/07/11,302000,4950150,17.10,17.10,16.05,16.40,-0.40,160
105/07/12,152491,2483553,16.70,16.70,15.90,16.40,,83
105/07/13,76075,1248513,16.50,16.70,16.10,16.70,0.30,53
105/07/14,56125,933143,16.85,16.85,16.50,16.60,-0.10,29
105/07/15,273000,4681350,16.80,17.70,16.35,17.10,0.50,142
105/07/18,112020,1890681,17.15,17.40,16.65,16.75,-0.35,69
105/07/19,612000,10903650,16.75,18.40,16.70,18.40,1.65,320
105/07/20,750122,14377924,19.20,19.80,18.50,18.50,0.10,504
105/07/21,276100,5072999,18.50,18.95,17.90,18.65,0.15,172
105/07/22,71017,1319160,18.80,19.00,18.30,18.45,-0.20,50
105/07/25,158050,2852579,18.80,18.80,17.55,17.70,-0.75,91
105/07/26,32000,576200,17.95,18.20,17.85,18.10,0.40,25
105/07/27,388016,7326497,18.40,19.30,18.20,18.75,0.65,213
105/07/28,47249,883581,18.75,18.90,18.50,18.55,-0.20,35
105/07/29,120000,2203400,18.75,18.75,18.00,18.05,-0.50,79
105/08/01,79000,1470100,18.50,19.00,18.20,18.50,0.45,59
105/08/02,74000,1376750,18.95,18.95,18.45,18.60,0.10,47
105/08/03,33199,612361,18.50,18.50,18.30,18.50,-0.10,22
105/08/04,117500,2193550,18.50,18.85,18.50,18.80,0.30,53
105/08/05,70000,1321050,18.95,18.95,18.80,18.90,0.10,41
105/08/08,189000,3601750,19.00,19.35,18.90,18.90,,94
105/08/09,110000,2033900,19.00,19.25,17.90,18.25,-0.65,68
105/08/10,141250,2528399,17.95,18.40,17.65,18.30,0.05,80
105/08/11,40000,711750,18.00,18.30,17.65,17.70,-0.60,29
105/08/12,73000,1286100,17.70,18.20,17.40,17.85,0.15,33
105/08/15,51000,897750,17.85,18.00,17.40,17.90,0.05,31
105/08/16,36000,636250,18.10,18.10,17.60,17.60,-0.30,20
105/08/17,43210,756301,17.60,17.95,17.20,17.95,0.35,34
105/08/18,18000,319450,18.00,18.00,17.55,17.85,-0.10,13
105/08/19,37276,653224,17.80,17.80,17.25,17.45,-0.40,23
105/08/22,66250,1138425,17.05,17.40,17.00,17.40,-0.05,38
105/08/23,17000,296750,17.50,17.50,17.30,17.50,0.10,13
105/08/24,24100,423720,17.40,17.80,17.35,17.80,0.30,19
105/08/25,49000,874550,17.50,18.00,17.50,17.80,,25
105/08/26,35003,614302,17.65,17.80,17.50,17.50,-0.30,16
105/08/29,32000,555850,17.50,17.60,17.00,17.20,-0.30,19
105/08/30,35061,601190,17.30,17.30,17.00,17.05,-0.15,34
105/08/31,81006,1420208,17.05,18.20,16.95,17.95,0.90,64
105/09/01,32000,573700,17.70,18.00,17.65,17.90,-0.05,21
105/09/02,17003,299753,17.80,17.80,17.35,17.55,-0.35,10
105/09/05,105003,1804201,17.75,17.75,17.00,17.15,-0.40,57
105/09/06,27000,463650,17.10,17.35,17.10,17.25,0.10,17
105/09/07,95365,1646801,17.35,17.40,17.15,17.15,-0.10,31
105/09/08,61000,1043550,17.30,17.30,16.90,17.15,,35
105/09/09,29000,499250,17.20,17.30,17.15,17.15,,19
105/09/10,73000,1249150,17.05,17.70,17.00,17.00,-0.15,42
105/09/12,46000,788600,17.30,17.35,17.05,17.05,0.05,22
105/09/13,51000,868500,17.25,17.25,17.00,17.00,-0.05,19
105/09/14,15000,253250,17.00,17.15,16.80,17.05,0.05,7
105/09/19,80000,1316800,16.00,16.90,16.00,16.50,-0.55,42
105/09/20,76000,1257950,16.55,16.85,16.30,16.50,,23
105/09/21,94000,1581250,16.60,17.20,16.40,17.20,0.70,51
105/09/22,2061,36322,17.55,17.70,17.55,17.70,0.50,4
105/09/23,25000,428900,17.80,17.80,16.90,17.20,-0.50,23
105/09/26,28004,470617,17.00,17.00,16.65,16.65,-0.55,22
105/09/29,18000,298250,16.65,16.70,16.40,16.70,0.05,14
105/09/30,31000,509150,16.70,16.70,16.30,16.50,-0.20,18
105/10/03,50000,812950,16.60,16.60,16.15,16.30,-0.20,32
105/10/04,17000,276100,16.30,16.35,16.15,16.35,0.05,15
105/10/05,24000,391800,16.35,16.40,16.15,16.35,,14
105/10/06,14000,231100,16.50,16.65,16.45,16.65,0.30,7
105/10/07,12000,198600,16.60,16.65,16.45,16.65,,6
105/10/11,44000,724000,16.45,16.60,16.35,16.60,-0.05,26
105/10/12,18041,297068,16.90,16.90,16.40,16.40,-0.20,9
105/10/13,44000,702650,16.65,16.65,15.80,15.90,-0.50,32
105/10/14,105090,1595627,15.70,15.80,14.90,15.00,-0.90,50
105/10/17,14000,213750,15.35,15.35,15.25,15.25,0.25,11
105/10/18,46000,678750,15.20,15.20,14.60,14.80,-0.45,32
105/10/19,36000,536400,14.95,15.00,14.75,14.90,0.10,20
105/10/20,112000,1637250,14.80,15.05,14.50,14.80,-0.10,48
105/10/21,72001,1089166,14.80,15.90,14.70,15.50,0.70,57
105/10/24,76002,1189982,15.80,15.95,15.50,15.50,,35
105/10/25,32004,488866,15.65,15.65,15.20,15.40,-0.10,21
105/10/26,14001,214116,15.55,15.55,15.10,15.25,-0.15,11
105/10/27,40000,601300,15.15,15.35,14.90,14.90,-0.35,20
105/10/28,33000,498250,15.05,15.30,15.00,15.30,0.40,19
105/10/31,3000,45900,15.30,15.30,15.30,15.30,,2
105/11/01,12000,182750,15.20,15.30,15.20,15.20,-0.10,7
105/11/02,22000,331050,15.15,15.15,15.00,15.00,-0.20,9
105/11/03,17000,254000,15.45,15.45,14.70,15.00,,11
105/11/04,15070,222641,14.75,14.90,14.70,14.70,-0.30,15
105/11/07,12000,178400,14.95,15.20,14.75,15.20,0.50,6
105/11/08,7000,104800,15.00,15.00,14.90,14.90,-0.30,5
105/11/09,44000,646650,14.70,14.90,14.55,14.90,,30
105/11/10,20300,299270,14.60,15.45,14.55,15.45,0.55,19
105/11/11,36300,537930,15.30,15.30,14.50,14.50,-0.95,24
105/11/14,19000,268000,14.05,14.25,14.05,14.20,-0.30,10
105/11/15,38000,543400,14.35,14.65,14.20,14.25,0.05,20
105/11/16,47000,678400,14.40,14.90,14.25,14.30,0.05,17
105/11/17,55000,777450,14.05,14.30,14.05,14.25,-0.05,23
105/11/18,14007,199650,14.20,14.40,14.10,14.25,,10
105/11/21,17000,240900,14.20,14.30,14.10,14.30,0.05,12
105/11/22,24000,342300,14.20,14.45,14.20,14.20,-0.10,14
105/11/23,218000,3321300,14.45,15.60,14.40,15.60,1.40,138
105/11/24,551000,8945600,16.75,16.80,15.80,16.30,0.70,246
105/11/25,45021,712692,16.30,16.30,15.70,15.70,-0.60,30
105/11/28,48001,743167,15.50,15.80,15.20,15.35,-0.35,34
105/11/29,40032,604739,15.20,15.20,15.00,15.20,-0.15,19
105/11/30,23000,353300,15.35,15.50,15.20,15.45,0.25,15
105/12/01,97034,1540730,15.60,16.15,15.45,15.60,0.15,51
105/12/02,50000,771350,15.50,15.50,15.25,15.35,-0.25,27
105/12/05,48000,754450,16.40,16.55,15.50,15.60,0.25,26
105/12/06,89000,1406200,15.60,16.00,15.50,15.85,0.25,26
105/12/07,41000,645050,16.00,16.00,15.65,15.85,,12
105/12/08,143000,2290850,15.90,16.20,15.90,16.00,0.15,59
105/12/09,53000,857800,16.35,16.35,15.95,16.20,0.20,26
105/12/12,26000,410900,16.00,16.05,15.55,15.90,-0.30,16
105/12/13,17000,267350,15.60,15.85,15.60,15.80,-0.10,11
105/12/14,38000,596150,15.60,15.80,15.60,15.65,-0.15,12
105/12/15,45000,709000,15.80,16.00,15.65,15.90,0.25,18
105/12/16,66000,1081950,16.05,16.85,16.05,16.35,0.45,40
105/12/19,28000,456150,16.35,16.35,16.20,16.25,-0.10,22
105/12/20,77000,1270250,16.60,16.60,16.30,16.50,0.25,27
105/12/21,30450,509024,16.60,17.00,16.55,16.60,0.10,28
105/12/22,41000,672900,16.60,16.60,16.25,16.25,-0.35,25
105/12/23,39034,639350,16.40,16.65,16.25,16.25,,27
105/12/26,23000,374100,16.40,16.40,16.10,16.30,0.05,14
105/12/27,15000,244250,16.20,16.40,16.15,16.40,0.10,11
105/12/28,20000,327200,16.20,16.55,16.20,16.35,-0.05,11
105/12/29,24000,393450,16.30,16.50,16.20,16.45,0.10,16
105/12/30,18000,293600,16.20,16.50,16.15,16.50,0.05,17
106/01/03,23000,375850,16.50,16.50,16.30,16.30,-0.20,12
106/01/04,38000,620550,16.25,16.40,16.25,16.25,-0.05,21
106/01/05,61000,992000,16.40,16.40,16.20,16.25,,30
106/01/06,36000,581800,16.30,16.30,16.00,16.30,0.05,27
106/01/09,31012,499442,16.30,16.30,16.00,16.05,-0.25,16
106/01/10,21000,334700,16.00,16.10,15.85,15.85,-0.20,9
106/01/11,15000,236650,15.70,16.00,15.70,15.95,0.10,12
106/01/12,9000,141600,15.80,15.80,15.70,15.70,-0.25,7
106/01/13,9000,139800,15.70,15.70,15.30,15.55,-0.15,7
106/01/16,3000,46450,15.35,15.75,15.35,15.75,0.20,3
106/01/17,10000,156550,15.80,15.80,15.60,15.75,,6
106/01/18,11000,171600,15.70,15.70,15.50,15.60,-0.15,8
106/01/19,4001,63115,15.70,15.90,15.70,15.80,0.20,5
106/01/20,16001,249415,15.80,15.80,15.40,15.70,-0.10,15
106/01/23,24000,371200,15.40,15.65,15.30,15.35,-0.35,18
106/01/24,12000,188250,15.75,15.75,15.45,15.70,0.35,9
106/02/02,37000,596900,17.00,17.00,15.95,16.20,0.50,27
106/02/03,35000,569400,16.20,16.50,16.05,16.15,-0.05,28
106/02/06,102000,1664650,16.25,16.55,16.20,16.35,0.20,36
106/02/07,144000,2404750,16.50,17.10,16.35,16.85,0.50,55
106/02/08,217000,3797100,17.20,18.00,17.10,17.35,0.50,133
106/02/09,73343,1251501,17.50,17.50,16.90,16.90,-0.45,41
106/02/10,152111,2596359,17.15,17.35,16.65,17.35,0.45,80
106/02/13,1065778,20274070,18.95,19.05,18.65,19.05,1.70,283
106/02/14,1382000,27634150,20.60,20.60,19.10,19.15,0.10,614
106/02/15,512104,9675300,19.60,19.60,18.50,18.80,-0.35,231
106/02/16,257343,4782111,18.35,19.05,18.35,18.50,-0.30,129
106/02/17,114977,2103736,18.50,18.70,18.05,18.10,-0.40,69
106/02/18,119900,2196340,18.15,18.65,18.00,18.20,0.10,63
106/02/20,108000,1982300,18.15,18.65,18.10,18.50,0.30,63
106/02/21,66015,1213527,18.30,18.70,18.30,18.65,0.15,35
106/02/22,149300,2832600,19.25,19.25,18.75,19.10,0.45,99
106/02/23,128000,2389500,19.25,19.30,18.35,18.35,-0.75,85
106/02/24,43000,791900,18.60,18.60,18.30,18.35,,22
106/03/01,46000,841450,18.35,18.35,18.15,18.20,-0.15,20
106/03/02,56000,1005750,18.25,18.25,17.80,17.80,-0.40,36
106/03/03,83009,1484008,18.20,18.55,17.80,17.80,,38
106/03/06,34006,598403,17.80,17.80,17.50,17.50,-0.30,21
106/03/07,56100,973920,17.15,17.65,17.15,17.35,-0.15,32
106/03/08,73000,1252400,17.20,17.60,17.00,17.35,,45
106/03/09,61000,1058150,17.50,17.60,17.20,17.20,-0.15,29
106/03/10,14000,239250,17.00,17.15,17.00,17.15,-0.05,13
106/03/13,13000,223400,17.20,17.25,17.15,17.15,,7
106/03/14,25000,433200,17.40,17.45,17.25,17.30,0.15,15
106/03/15,27000,463550,17.20,17.20,17.05,17.20,-0.10,13
106/03/16,113000,1988750,17.30,17.80,17.30,17.55,0.35,49
106/03/17,87000,1555150,17.75,18.40,17.70,17.70,0.15,41
106/03/20,152000,2731950,18.10,18.20,17.60,18.05,0.35,101
106/03/21,167000,3019050,18.30,18.35,17.90,18.25,0.20,89
106/03/22,93000,1696800,18.10,18.60,18.05,18.45,0.20,68
106/03/23,166115,3099449,18.65,19.00,18.45,18.80,0.35,97
106/03/24,143000,2676700,18.95,18.95,18.55,18.85,0.05,68
106/03/27,141001,2615168,18.85,18.85,18.20,18.80,-0.05,69
106/03/28,28001,512768,18.55,18.55,18.20,18.40,-0.40,24
106/03/29,57021,1034583,18.35,18.40,18.00,18.40,,35
106/03/30,31008,556646,17.60,18.35,17.60,18.30,-0.10,30
106/03/31,58002,1081836,18.70,18.80,18.30,18.60,0.30,37
106/04/05,93017,1749762,18.85,19.20,18.55,18.80,0.20,60
106/04/06,36003,672804,18.80,18.95,18.40,18.80,,24
106/04/07,66000,1220600,18.70,18.70,18.35,18.40,-0.40,24
106/04/10,62000,1147450,18.60,18.80,18.20,18.60,0.20,27
106/04/11,60000,1073600,18.30,18.30,17.65,17.90,-0.70,36
106/04/12,96001,1664617,17.60,17.60,17.20,17.50,-0.40,49
106/04/13,58000,1007400,17.25,17.65,17.20,17.40,-0.10,30
106/04/14,27500,470150,17.55,17.55,16.90,17.40,,16
106/04/17,26000,446550,17.20,17.55,17.00,17.35,-0.05,21
106/04/18,26002,452734,17.10,17.60,17.10,17.25,-0.10,19
106/04/19,79000,1343300,17.00,17.45,16.60,17.45,0.20,65
106/04/20,32441,556841,17.35,17.45,17.00,17.25,-0.20,18
106/04/21,46449,807122,17.35,17.75,17.10,17.35,0.10,37
106/04/24,124000,2078500,17.35,17.35,16.50,16.90,-0.45,59
106/04/25,57000,957050,16.70,17.05,16.55,17.05,0.15,35
106/04/26,27000,459550,17.10,17.25,16.95,17.05,,16
106/04/27,109000,1815300,16.85,17.05,16.45,17.05,,69
106/04/28,64350,1094164,17.00,17.10,16.85,17.05,,29
106/05/02,68000,1136700,17.05,17.05,16.50,16.80,-0.25,44
106/05/03,52000,874450,16.60,17.00,16.60,17.00,0.20,35
106/05/04,328001,5902618,17.05,18.60,17.00,18.15,1.15,188
106/05/05,135156,2449400,18.40,18.45,17.80,17.80,-0.35,86
106/05/08,158157,2699121,18.00,18.00,16.55,16.80,-1.00,97
106/05/09,128000,2090900,16.90,17.00,15.85,15.90,-0.90,81
106/05/10,132150,2195804,15.95,17.40,15.90,16.80,0.90,77
106/05/11,176001,2985866,17.05,17.50,16.40,16.60,-0.20,99
106/05/12,25001,418666,16.95,16.95,16.50,16.75,0.15,21
106/05/15,99000,1626000,16.55,16.75,16.00,16.45,-0.30,60
106/05/16,32019,526666,16.40,16.60,16.35,16.50,0.05,16
106/05/17,49000,801250,16.40,16.50,16.30,16.50,,25
106/05/18,17000,279100,16.40,16.50,16.35,16.50,,10
106/05/19,72000,1193900,16.50,16.90,16.35,16.90,0.40,25
106/05/22,31001,517566,16.80,16.85,16.50,16.85,-0.05,17
106/05/23,16499,276282,16.65,16.95,16.60,16.95,0.10,17
106/05/24,137000,2377600,17.30,17.85,16.95,17.40,0.45,74
106/05/25,70500,1242499,17.40,17.80,17.35,17.70,0.30,43
106/05/26,66000,1163300,17.60,17.85,17.45,17.60,-0.10,30
106/05/31,8200,143650,17.60,17.60,17.40,17.60,0.00,6
106/06/01,51000,879000,17.30,17.65,16.60,17.20,-0.40,29
106/06/02,34000,584800,17.20,17.20,17.20,17.20,0.00,11
106/06/03,15000,258100,17.25,17.25,17.20,17.20,0.00,8
106/06/05,72000,1232650,17.00,17.50,16.60,17.50,0.30,39
106/06/06,193000,3443550,17.50,18.20,17.40,18.00,0.50,82
106/06/07,90000,1592900,18.40,18.40,17.40,17.50,-0.50,50
106/06/08,35000,603850,17.30,17.55,17.20,17.55,0.05,16
106/06/09,46000,805150,17.20,17.70,17.20,17.50,-0.05,23
106/06/12,37000,633100,17.45,17.45,17.00,17.10,-0.40,19
106/06/13,84559,1426584,16.80,17.10,16.80,16.80,-0.30,46
106/06/14,31000,513750,16.85,16.85,16.40,16.45,-0.35,17
106/06/15,43000,708200,16.50,16.75,16.20,16.75,0.30,22
106/06/16,14000,235800,16.95,16.95,16.80,16.80,0.05,4
106/06/19,33009,547998,16.80,16.80,16.55,16.60,-0.20,16
106/06/20,32000,531750,16.60,16.80,16.55,16.55,-0.05,17
106/06/21,39000,647150,16.60,16.80,16.50,16.80,0.25,18
106/06/22,62172,1057506,17.00,17.20,16.95,17.00,0.20,22
106/06/23,111000,1929750,17.15,17.90,16.75,17.90,0.90,43
106/06/26,566000,10478750,18.65,19.00,18.05,18.05,0.15,294
106/06/27,87000,1545100,17.95,18.10,17.70,17.70,-0.35,46
106/06/28,74000,1295650,17.70,17.80,17.20,17.70,0.00,37
106/06/29,65000,1141050,17.70,17.70,17.30,17.30,-0.40,18
106/06/30,28000,484100,17.45,17.45,17.20,17.30,0.00,17
106/07/03,5000,86150,17.25,17.30,17.15,17.30,0.00,5
106/07/04,78110,1328575,17.00,17.15,16.90,16.90,-0.40,42
106/07/05,24000,405500,16.85,17.05,16.85,16.90,0.00,13
106/07/06,16000,269000,16.85,16.90,16.75,16.80,-0.10,9
106/07/07,30000,509250,16.90,17.05,16.90,17.00,0.20,18
106/07/10,50000,852200,17.00,17.25,16.85,17.00,0.00,26
106/07/11,81000,1392500,17.15,17.35,17.15,17.15,0.15,24
106/07/12,39000,666100,17.10,17.30,16.80,17.25,0.10,19
106/07/13,128000,2180250,17.25,17.25,16.80,17.10,-0.15,50
106/07/14,27000,458050,17.20,17.20,16.85,16.95,-0.15,18
106/07/17,19000,323050,17.00,17.05,17.00,17.00,0.05,12
106/07/18,34000,579700,17.10,17.15,16.85,17.00,0.00,11
106/07/19,41250,702200,17.00,17.15,16.90,17.15,0.15,25
106/07/20,32000,545000,17.20,17.20,16.95,16.95,-0.20,15
106/07/21,5000,84650,16.95,16.95,16.90,16.95,0.00,4
106/07/24,10900,184119,16.90,17.00,16.80,16.90,-0.05,8
106/07/25,38000,638800,16.85,16.90,16.80,16.90,0.00,15
106/07/26,18002,304482,16.80,17.00,16.80,16.90,0.00,14
106/07/27,36001,614416,17.00,17.35,16.90,16.90,0.00,20
106/07/28,2125066,36775911,16.80,18.25,16.80,17.45,0.55,387
106/07/31,332000,5957550,17.45,18.35,17.45,18.15,0.70,192
106/08/01,153000,2745300,18.20,18.20,17.60,17.85,-0.30,77
106/08/02,113200,2017080,17.85,18.15,17.60,17.75,-0.10,66
106/08/03,332000,5957550,17.45,18.35,17.45,18.15,0.70,192
106/08/04,75000,1323300,17.65,17.80,17.50,17.50,-0.05,21
106/08/07,254900,4615980,17.75,18.65,17.60,18.35,0.85,122
106/08/08,210000,3817150,18.35,18.35,18.00,18.15,-0.20,70
106/08/09,71147,1291781,18.15,18.45,18.00,18.05,-0.10,48
106/08/10,218000,3875100,18.00,18.20,17.50,17.55,-0.50,88
106/08/11,48001,850317,17.50,18.00,17.50,17.80,0.25,29
106/08/14,175000,3159150,18.20,18.50,17.70,17.70,-0.10,71
106/08/15,71000,1260850,17.75,18.10,17.65,17.70,0.00,43
106/08/16,34040,605408,17.85,17.90,17.70,17.80,0.10,25
106/08/17,375100,6941844,18.10,18.80,18.05,18.80,1.00,173
106/08/18,1096938,22203018,19.00,20.65,19.00,20.65,1.85,474
106/08/21,400086,9081951,22.70,22.70,22.70,22.70,2.05,134
106/08/22,4554206,109251274,24.40,24.95,22.80,22.80,0.10,2096
106/08/23,2928619,69480405,22.60,25.05,22.10,25.05,2.25,1504
106/08/24,753801,20767216,27.55,27.55,27.55,27.55,2.50,216
106/08/25,4278102,112563037,27.60,27.65,25.15,26.10,-1.45,2263
106/08/28,777331,19728689,25.95,25.95,25.20,25.35,-0.75,491
106/08/29,833330,21771510,25.60,26.60,25.60,25.95,0.60,468
106/08/30,532000,13754400,26.20,26.60,25.05,25.75,-0.20,329
106/08/31,256000,6519750,25.80,25.95,25.20,25.40,-0.35,182
106/09/01,206000,5268750,25.20,25.80,25.20,25.70,0.30,131
106/09/04,404000,10579150,26.00,26.50,25.80,25.90,0.20,244
106/09/05,439400,11257400,25.85,26.30,25.20,26.00,0.10,222
106/09/06,275000,7058900,25.80,26.20,25.45,25.60,-0.40,152
106/09/07,1287000,35129900,25.90,28.15,25.85,28.15,2.55,699
106/09/08,1481732,42227746,28.15,30.00,27.00,29.30,1.15,885
106/09/11,1322501,37356577,29.75,29.90,27.00,27.20,-2.10,718
106/09/12,778095,21384981,27.00,28.35,26.70,27.85,0.65,395
106/09/13,839102,24066819,27.80,29.35,27.55,28.30,0.45,464
106/09/14,236093,6608426,28.80,28.80,27.75,27.90,-0.40,140
106/09/15,219000,6013450,28.00,28.00,27.30,27.35,-0.55,125
106/09/18,511000,14028600,27.35,28.50,26.50,26.80,-0.55,258
106/09/19,180500,4850849,27.40,27.40,26.60,26.80,0.00,127
106/09/20,515070,13373459,26.80,26.80,25.50,25.60,-1.20,238
106/09/21,159000,4115800,25.40,26.35,25.40,25.70,0.10,94
106/09/22,162000,4122900,25.60,26.05,25.30,25.50,-0.20,97
106/09/25,434000,10485050,25.70,25.70,23.70,23.75,-1.75,235
106/09/26,181000,4383750,24.00,24.70,24.00,24.00,0.25,93
106/09/27,229000,5653800,24.55,25.60,24.20,25.20,1.20,138
106/09/28,147000,3691450,25.70,25.70,24.60,25.10,-0.10,93
106/09/29,103000,2562800,24.80,25.20,24.40,25.05,-0.05,70
106/09/30,67000,1698450,26.05,26.05,25.10,25.30,0.25,44
106/10/02,96000,2465800,25.20,25.90,25.20,25.55,0.25,61
106/10/03,91000,2298450,25.50,25.70,24.90,25.35,-0.20,62
106/10/05,58000,1471150,25.35,25.60,25.20,25.20,-0.15,41
106/10/06,99000,2465050,25.50,25.50,24.80,24.95,-0.25,55
106/10/11,125000,3080950,24.60,25.00,24.30,24.65,-0.30,53
106/10/12,167000,4064150,24.65,24.70,23.85,24.65,0.00,110
106/10/13,74000,1833250,24.75,25.10,24.60,24.65,0.00,34
106/10/16,70030,1709425,24.65,24.75,24.25,24.35,-0.30,43
106/10/17,160000,3844100,24.35,24.45,23.85,23.85,-0.50,75
106/10/18,161000,3823800,23.85,23.90,23.40,23.60,-0.25,68
106/10/19,341150,7958910,23.50,23.60,23.20,23.20,-0.40,128
106/10/20,123000,2871000,23.20,23.50,23.10,23.50,0.30,58
106/10/23,320100,7895890,23.55,25.80,23.55,25.05,1.55,166
106/10/24,434000,11121400,25.80,26.00,25.25,25.35,0.30,210
106/10/25,93231,2374816,25.40,25.75,25.25,25.40,0.05,58
106/10/26,166000,4286600,25.40,26.20,25.40,25.90,0.50,99
106/10/27,248000,6421450,26.00,26.60,25.10,25.10,-0.80,145
106/10/30,86000,2134800,25.45,25.50,24.30,24.80,-0.30,60
106/10/31,34000,836750,24.45,25.20,24.40,24.80,0.00,19
106/11/01,52000,1278600,24.60,24.70,24.50,24.60,-0.20,35
106/11/02,72000,1798750,24.80,25.10,24.80,25.00,0.40,46
106/11/03,28000,694850,24.75,24.90,24.75,24.85,-0.15,12
106/11/06,38007,934121,24.85,24.85,24.50,24.50,-0.35,31
106/11/07,27000,658800,24.40,24.55,24.35,24.35,-0.15,23
106/11/08,15000,368050,24.75,24.75,24.40,24.40,0.05,12
106/11/09,67000,1655550,24.70,25.20,24.30,24.35,-0.05,51
106/11/10,82000,1962850,24.20,24.20,23.80,24.10,-0.25,54
106/11/13,72017,1680447,24.00,24.00,23.15,23.30,-0.80,48
106/11/14,61000,1400300,22.90,23.20,22.80,22.95,-0.35,41
106/11/15,59000,1336600,22.95,23.05,22.50,23.05,0.10,41
106/11/16,36000,845700,23.30,23.65,23.30,23.60,0.55,30
106/11/17,46000,1077250,23.60,23.65,23.30,23.50,-0.10,35
106/11/20,39000,904800,23.50,23.50,23.10,23.30,-0.20,28
106/11/21,30000,690900,23.15,23.15,22.95,23.15,-0.15,23
106/11/22,690000,17327300,23.45,25.45,23.45,25.45,2.30,289
106/11/23,651063,16828574,26.30,26.50,24.60,25.70,0.25,382
106/11/24,105000,2651150,25.60,25.60,24.75,25.30,-0.40,62
106/11/27,47000,1178800,25.30,25.30,24.80,25.10,-0.20,32
106/11/28,59000,1471050,25.20,25.45,24.60,24.75,-0.35,34
106/11/29,91000,2219300,24.75,24.75,24.25,24.25,-0.50,49
106/11/30,57000,1385250,24.00,24.80,24.00,24.55,0.30,45
106/12/01,61000,1463200,24.70,24.80,23.60,23.85,-0.70,47
106/12/04,19000,452950,23.70,24.05,23.65,23.85,0.00,16
106/12/05,23000,544200,23.80,23.80,23.55,23.55,-0.30,20
106/12/06,77000,1789000,23.80,23.80,23.00,23.10,-0.45,41
106/12/07,44000,1014700,22.85,23.30,22.75,23.00,-0.10,28
106/12/08,23100,531640,23.90,23.90,22.80,23.00,0.00,21
106/12/11,27000,625700,23.00,23.45,23.00,23.15,0.15,26
106/12/12,42000,1007300,24.20,24.30,23.25,23.75,0.60,34
106/12/13,33000,799200,24.00,24.50,24.00,24.30,0.55,25
106/12/14,54000,1347350,25.20,25.60,24.55,24.55,0.25,35
106/12/15,26100,638020,24.60,24.95,24.20,24.20,-0.35,22
106/12/18,18004,430595,24.25,24.25,23.80,23.90,-0.30,19
106/12/19,40000,942850,24.20,24.20,23.30,23.30,-0.60,27
106/12/20,15000,350950,23.85,23.85,23.10,23.40,0.10,13
106/12/21,18000,422300,23.95,23.95,23.30,23.30,-0.10,15
106/12/22,15000,350650,23.30,23.50,23.25,23.40,0.10,12
106/12/25,49146,1153551,23.90,23.90,23.25,23.25,-0.15,30
106/12/26,50000,1162300,23.35,23.40,23.05,23.05,-0.20,29
106/12/27,12000,277450,23.05,23.30,23.05,23.20,0.15,11
106/12/28,16032,374247,23.20,23.50,23.20,23.30,0.10,7
106/12/29,28000,653550,23.50,23.50,23.10,23.40,0.10,23
107/01/02,42035,1005186,24.30,24.50,23.40,24.00,0.60,37
107/01/03,25008,598941,24.10,24.10,23.70,23.70,-0.30,20
107/01/04,15014,355586,23.60,24.00,23.60,23.80,0.10,14
107/01/05,447000,11390450,24.10,26.15,24.00,25.40,1.60,262
107/01/08,273000,6932400,25.50,25.95,24.90,25.20,-0.20,183
107/01/09,138000,3487700,25.20,25.65,24.65,25.00,-0.20,89
107/01/10,88000,2169600,25.00,25.10,24.35,24.40,-0.60,52
107/01/11,16000,390350,24.70,24.70,24.30,24.55,0.15,12
107/01/12,18000,443800,24.55,24.70,24.55,24.60,0.05,13
107/01/13,18004,430595,24.25,24.25,23.80,23.90,-0.30,19
107/01/15,28000,680650,24.60,24.60,24.20,24.20,-0.40,25
107/01/16,32000,788250,24.20,25.05,24.20,24.45,0.25,23
107/01/17,133100,3342110,24.75,25.40,24.75,25.30,0.85,98
107/01/18,86000,2171950,25.60,25.75,24.65,24.75,-0.55,59
107/01/19,62000,1558150,25.10,25.30,24.70,25.15,0.40,32
107/01/22,139000,3531850,25.25,25.70,25.00,25.60,0.45,99
107/01/23,126030,3190368,25.70,25.90,25.00,25.80,0.20,86
107/01/24,68000,1736400,25.80,25.80,25.25,25.35,-0.45,46
107/01/25,35015,878731,25.30,25.50,25.00,25.35,0.00,27
107/01/26,55000,1388550,25.35,25.55,25.00,25.10,-0.25,37
107/01/29,54000,1345950,25.10,25.25,24.75,25.00,-0.10,36
107/01/30,19000,466750,25.00,25.00,24.25,24.60,-0.40,18
107/01/31,17000,415600,24.20,24.70,24.20,24.60,0.00,12
107/02/01,8000,195100,24.60,24.60,24.25,24.55,-0.05,6
107/02/02,43000,1031300,24.20,24.30,23.80,24.25,-0.30,29
107/02/05,40000,955900,23.65,24.30,23.55,24.10,-0.15,29
107/02/06,140000,3192550,23.55,23.60,21.70,21.95,-2.15,99
107/02/07,133000,2927100,22.40,22.50,21.80,21.95,0.00,62
107/02/08,40265,878303,21.80,22.20,21.30,22.00,0.05,23
107/02/09,73000,1586900,20.50,23.90,20.50,23.40,1.40,44
107/02/12,54000,1291050,24.40,24.60,23.30,23.50,0.10,41
107/02/21,62000,1472850,23.50,24.50,23.50,23.50,0.00,38
107/02/22,22000,522100,23.60,24.00,23.50,23.50,0.00,18
107/02/23,41425,1004600,25.30,25.30,23.80,23.80,0.30,25
107/02/26,35000,850700,24.00,24.50,24.00,24.00,0.20,20
107/02/27,45000,1079300,24.40,24.40,23.85,23.90,-0.10,29
107/03/01,75000,1804500,23.90,24.60,23.80,24.00,0.10,31
107/03/02,100000,2360700,24.00,24.00,23.50,23.50,-0.50,26
107/03/05,13000,301700,23.40,23.40,23.05,23.05,-0.45,11
107/03/06,129000,3113400,23.00,24.80,23.00,23.80,0.75,80
107/03/07,36000,856450,23.50,23.95,23.50,23.75,-0.05,17
107/03/08,20000,478000,24.30,24.30,23.75,23.75,0.00,15
107/03/09,38000,903900,23.80,23.80,23.70,23.75,0.00,18
107/03/12,23000,543050,23.75,24.00,23.15,23.55,-0.20,19
107/03/13,21000,494200,23.10,23.80,23.10,23.50,-0.05,15
107/03/14,28000,671500,24.50,24.50,23.60,23.60,0.10,13
107/03/15,10000,240050,24.20,24.20,23.95,24.00,0.40,8
107/03/16,8400,199940,23.65,24.20,23.65,24.20,0.20,7
107/03/19,7000,167750,24.20,24.20,23.80,23.80,-0.40,6
107/03/20,18000,419150,23.75,23.75,23.00,23.40,-0.40,14
107/03/21,9000,213000,23.30,23.90,23.30,23.80,0.40,8
107/03/22,453000,11120000,23.90,25.80,23.50,25.00,1.20,212
107/03/23,78000,1897750,24.10,24.90,24.05,24.05,-0.95,54
107/03/26,101000,2382000,24.15,24.15,23.40,23.60,-0.45,32
107/03/27,142000,3452800,23.80,25.20,23.60,24.35,0.75,91
107/03/28,58202,1409369,24.45,24.60,23.85,24.60,0.25,36
107/03/29,238000,5879800,24.85,25.15,24.05,24.05,-0.55,92
107/03/30,51000,1229550,24.50,24.50,23.70,23.70,-0.35,36
107/03/31,26000,618200,23.50,24.10,23.50,23.85,0.15,21
107/04/02,50000,1191000,24.20,24.20,23.70,23.70,-0.15,26
107/04/03,133000,3027300,23.35,23.35,22.35,23.00,-0.70,86
107/04/09,16000,370000,23.00,23.30,23.00,23.20,0.20,11
107/04/10,58000,1363000,23.00,24.20,23.00,23.50,0.30,27
107/04/11,30000,711450,24.15,24.15,23.50,23.70,0.20,17
107/04/12,34000,801950,23.90,23.90,23.40,23.80,0.10,20
107/04/13,32300,762220,24.00,24.00,23.35,23.50,-0.30,21
107/04/16,32450,761920,23.40,23.80,23.40,23.75,0.25,23
107/04/17,79000,1827750,23.50,23.80,22.95,23.40,-0.35,46
107/04/18,9000,209600,23.20,23.70,23.10,23.55,0.15,8
107/04/19,14000,327500,23.80,23.80,23.35,23.35,-0.20,9
107/04/20,70000,1598850,23.05,23.50,22.10,23.35,0.00,51
107/04/23,9000,206450,23.35,23.35,22.55,22.70,-0.65,6
107/04/24,52000,1163650,22.70,22.80,22.20,22.30,-0.40,26
107/04/25,74000,1631050,21.00,22.30,21.00,22.20,-0.10,41
107/04/26,15000,332950,22.10,22.75,21.95,22.45,0.25,12
107/04/27,7051,158478,22.40,22.90,22.40,22.90,0.45,6
107/04/30,6000,138800,22.90,23.60,22.90,23.60,0.70,5
107/05/02,17000,395000,23.50,23.65,22.95,22.95,-0.65,11
107/05/03,8000,177750,22.00,23.00,22.00,23.00,0.05,7
107/05/04,19000,438500,23.50,23.50,22.70,22.70,-0.30,11
107/05/07,6000,136800,22.70,23.00,22.50,22.90,0.20,6
107/05/08,15000,341650,23.00,23.00,22.60,22.85,-0.05,13
107/05/09,16000,363550,22.65,23.10,22.65,22.65,-0.20,10
107/05/10,33100,761340,23.50,23.50,22.80,23.00,0.35,24
107/05/11,6000,136550,22.80,22.80,22.65,22.65,-0.35,5
107/05/14,39000,884700,22.50,23.00,22.50,22.65,0.00,16
107/05/15,115500,2700000,22.65,24.40,22.20,24.20,1.55,67
107/05/16,53000,1247350,24.20,24.20,23.00,23.00,-1.20,34
107/05/17,12000,273500,23.00,23.00,22.60,22.65,-0.35,8
107/05/18,1000,22800,22.80,22.80,22.80,22.80,0.15,1
107/05/21,91000,2048650,22.75,22.80,22.30,22.70,-0.10,55
107/05/22,40000,903750,23.00,23.10,22.50,22.70,0.00,18
107/05/23,42000,946600,22.70,22.85,22.25,22.45,-0.25,23
107/05/24,50020,1133100,22.45,23.00,22.45,22.60,0.15,22
107/05/25,11000,251800,23.50,23.50,22.60,22.70,0.10,9
107/05/28,12000,270300,22.60,22.60,22.45,22.45,-0.25,7
107/05/29,47000,1047150,22.50,22.50,21.55,22.45,0.00,30
107/05/30,14451,324906,22.45,23.00,22.45,22.45,0.00,11
107/05/31,17100,381210,22.10,22.40,22.10,22.40,-0.05,12
107/06/01,33000,743950,22.50,23.00,22.40,22.50,0.10,24
107/06/04,39000,879150,22.55,22.80,22.50,22.80,0.30,22
107/06/05,33000,751200,22.60,23.00,22.50,22.70,-0.10,21
107/06/06,90000,2080650,22.70,23.60,22.60,23.55,0.85,57
107/06/07,34100,776240,23.00,23.00,22.65,22.70,-0.85,21
107/06/08,37000,844100,22.70,23.10,22.70,22.80,0.10,20
107/06/11,85000,1890500,22.85,22.85,22.00,22.10,-0.70,50
107/06/12,59000,1301200,22.00,22.40,21.90,22.10,0.00,31
107/06/13,32000,706500,22.30,22.35,21.95,22.20,0.10,15
107/06/14,47000,1017500,22.00,22.00,21.00,21.80,-0.40,33
107/06/15,65450,1398040,21.80,21.80,21.20,21.30,-0.50,39
107/06/19,130007,2648847,21.20,21.20,19.80,20.80,-0.50,81
107/06/20,47000,947050,20.50,20.50,19.80,20.20,-0.60,31
107/06/21,38000,766550,20.15,20.30,20.00,20.10,-0.10,26
107/06/22,24000,497650,21.60,21.60,20.40,20.50,0.40,14
107/06/25,89009,1783828,20.70,20.70,19.80,19.80,-0.70,48
107/06/26,25000,496250,19.80,19.95,19.75,19.75,-0.05,18
107/06/27,32200,636220,19.60,20.00,19.60,19.70,-0.05,21
107/06/28,20000,400000,20.00,20.00,20.00,20.00,0.30,15
107/06/29,19000,377750,20.20,20.20,19.60,19.80,-0.20,16
107/07/02,14000,275600,19.80,19.80,19.50,19.75,-0.05,13
107/07/03,14000,266350,19.50,19.50,18.90,18.95,0.00,9
107/07/04,8000,151200,18.90,18.90,18.90,18.90,-0.05,5
107/07/05,45000,831750,18.35,18.70,18.35,18.50,-0.40,30
107/07/06,35000,636700,18.30,18.65,18.00,18.30,-0.20,28
107/07/09,18000,332350,18.30,18.80,18.30,18.30,0.00,13
107/07/10,9000,162550,18.10,18.10,18.00,18.05,-0.25,8
107/07/11,2000,36500,18.00,18.50,18.00,18.50,0.45,2
107/07/12,86000,2171950,25.60,25.75,24.65,24.75,-0.55,59
107/07/13,21000,385400,18.15,18.50,18.15,18.40,0.20,12
107/07/16,25000,453200,18.55,18.55,18.00,18.20,-0.20,18
107/07/17,9000,162700,18.10,18.20,18.00,18.00,-0.20,7
107/07/18,30000,543350,18.10,18.35,18.00,18.35,0.35,20
107/07/19,38011,687848,18.25,18.25,18.00,18.00,-0.35,22
107/07/20,6000,108300,18.15,18.15,18.00,18.00,0.00,5
107/07/23,8009,142560,17.80,17.80,17.80,17.80,-0.20,9
107/07/24,19000,336900,17.50,18.20,17.20,18.00,0.20,17
107/07/25,14000,248550,17.65,18.00,17.65,17.90,-0.10,13
107/07/26,45000,796600,18.00,18.00,17.50,17.95,0.05,20
107/07/27,51000,898800,17.65,17.95,17.40,17.65,-0.30,36
107/07/30,37000,654150,17.70,17.95,17.50,17.65,0.00,18
107/07/31,22000,393850,17.70,18.50,17.70,17.90,0.25,13
107/08/01,31022,579820,17.80,19.40,17.80,19.20,1.30,29
107/08/02,10008,185399,18.60,18.65,18.40,18.65,-0.55,10
107/08/03,39000,730850,18.40,18.95,18.40,18.80,0.15,19
107/08/06,12000,224750,19.00,19.00,18.60,18.90,0.10,7
107/08/07,10000,185100,18.50,18.60,18.35,18.60,-0.30,10
107/08/08,17100,313395,18.45,18.45,18.30,18.30,-0.30,9
107/08/09,107000,2004900,18.15,19.20,18.15,18.80,0.50,31
107/08/10,29000,537400,18.95,18.95,18.30,18.30,-0.50,20
107/08/13,16007,284574,18.00,18.00,17.65,17.65,-0.65,15
107/08/14,19000,340450,18.40,18.40,17.75,17.90,0.25,9
107/08/15,9000,162300,18.30,18.30,17.75,17.90,0.00,7
107/08/16,9000,160350,17.60,17.95,17.60,17.80,-0.10,7
107/08/17,22000,390650,17.80,18.10,17.60,18.05,0.25,17
107/08/20,11000,196750,17.70,18.15,17.65,17.75,-0.30,11
107/08/21,125450,2270700,18.30,18.30,17.60,18.15,0.40,23
107/08/22,10000,178700,18.10,18.10,17.70,18.00,-0.15,8
107/08/23,17000,305250,18.00,18.00,17.85,17.85,-0.15,9
107/08/24,6000,106550,17.85,17.85,17.60,17.85,0.00,6
107/08/27,143000,2549100,18.10,18.10,17.60,17.85,0.00,25
107/08/28,22000,391600,17.85,17.85,17.75,17.80,-0.05,9
107/08/29,20000,354050,17.80,17.90,17.60,17.90,0.10,14
107/08/30,57000,1009050,17.80,17.90,17.65,17.90,0.00,27
107/08/31,17000,304350,17.85,18.00,17.85,18.00,0.10,7
107/09/03,1000,18000,18.00,18.00,18.00,18.00,0.00,1
107/09/04,2110,37919,18.20,18.20,17.75,17.75,-0.25,3
107/09/05,21000,369950,17.70,17.90,17.50,17.90,0.15,13
107/09/06,103000,1772950,17.70,17.70,17.00,17.15,-0.75,67
107/09/07,65000,1077850,16.80,17.10,16.40,16.55,-0.60,37
107/09/10,148000,2294350,15.90,15.95,15.00,15.30,-1.25,64
107/09/11,74000,1152150,15.35,16.00,15.30,15.60,0.30,43
107/09/12,79000,1241600,15.65,16.20,15.60,15.60,0.00,51
107/09/13,13088,204862,15.60,15.90,15.50,15.90,0.30,11
107/09/14,18000,286950,15.90,16.00,15.90,15.95,0.05,10
107/09/17,16000,252300,15.90,15.90,15.70,15.70,-0.25,8
107/09/18,5000,77800,15.70,15.70,15.45,15.45,-0.25,4
107/09/19,70000,1107100,15.60,16.05,15.60,15.95,0.50,41
107/09/20,2000,31800,15.90,15.90,15.90,15.90,-0.05,2
107/09/21,4000,64000,16.00,16.00,16.00,16.00,0.10,4
107/09/25,12008,189228,15.70,16.00,15.60,15.85,-0.15,8
107/09/26,5000,78750,15.60,15.95,15.60,15.75,-0.10,4
107/09/27,25000,394250,15.60,16.00,15.55,15.85,0.10,16
107/09/28,19150,300592,15.70,15.80,15.60,15.80,-0.05,15
107/10/01,5000,79000,16.00,16.00,15.60,15.80,0.00,5
107/10/02,29000,452150,15.65,15.75,15.50,15.60,-0.20,18
107/10/03,41000,629100,15.50,15.65,15.15,15.50,-0.10,30
107/10/04,16000,245400,15.30,15.50,15.20,15.50,0.00,15
107/10/05,78000,1189750,15.30,15.50,15.10,15.35,-0.15,28
107/10/08,12000,181950,15.35,15.35,15.10,15.10,-0.25,8
107/10/09,13000,197300,15.10,15.30,15.10,15.20,0.10,11
107/10/11,137000,1900600,14.60,14.60,13.70,13.70,-1.50,58
107/10/12,324688,4121488,12.35,13.50,12.35,13.40,-0.30,125
107/10/15,33000,429800,13.05,13.20,12.90,13.00,-0.40,26
107/10/16,75000,1001950,13.20,13.75,13.20,13.25,0.25,33
107/10/17,49000,665100,13.90,13.90,13.25,13.40,0.15,19
107/10/18,26019,348075,13.40,13.40,13.20,13.40,0.00,15
107/10/19,25019,325479,12.90,13.35,12.85,12.95,-0.45,13
107/10/22,34000,446700,12.90,13.45,12.90,13.10,0.15,17
107/10/23,8009,106079,13.75,13.75,13.05,13.05,-0.05,7
107/10/24,6020,77986,12.90,13.05,12.90,13.05,0.00,6
107/10/25,52101,652992,12.55,12.65,12.40,12.65,-0.40,26
107/10/26,41235,510758,12.60,12.60,12.25,12.40,-0.25,29
107/10/29,26401,323542,12.20,12.40,12.20,12.40,0.00,12
107/10/30,19021,233555,12.40,12.40,12.15,12.30,-0.10,17
107/10/31,14000,176450,12.30,12.80,12.30,12.65,0.35,12
107/11/01,18000,226950,12.65,12.65,12.50,12.50,-0.15,10
107/11/02,28000,358150,12.70,12.90,12.65,12.80,0.30,18
107/11/05,13000,163300,12.80,12.80,12.35,12.80,0.00,6
107/11/06,7000,88100,12.75,12.75,12.45,12.65,-0.15,6
107/11/07,5000,63600,12.70,12.80,12.65,12.80,0.15,4
107/11/08,11021,140271,12.60,13.00,12.60,12.70,-0.10,9
107/11/09,4000,50550,12.60,12.75,12.60,12.75,0.05,3
107/11/12,6000,75850,12.75,12.75,12.60,12.65,-0.10,6
107/11/13,21000,261000,12.40,12.50,12.40,12.40,-0.25,7
107/11/14,62000,797000,12.55,12.95,12.55,12.80,0.40,25
107/11/15,33014,434146,12.80,13.50,12.80,13.50,0.70,24
107/11/16,25019,335875,13.60,13.70,13.25,13.60,0.10,15
107/11/19,17000,231050,13.60,13.80,13.50,13.80,0.20,13
107/11/20,26000,352200,13.80,13.80,13.45,13.50,-0.30,15
107/11/21,37000,501250,13.40,13.65,13.40,13.65,0.15,18
107/11/22,44000,602800,13.80,13.80,13.60,13.70,0.05,25
107/11/23,45000,633150,13.95,14.50,13.95,14.15,0.45,32
107/11/26,30000,422150,14.40,14.40,14.00,14.05,-0.10,16
107/11/27,36050,515467,14.30,14.40,14.25,14.30,0.25,20
107/11/28,8200,118660,14.50,14.50,14.30,14.50,0.20,8
107/11/29,14000,200850,14.70,14.70,14.30,14.30,-0.20,7
107/11/30,27000,382000,14.10,14.50,14.10,14.20,-0.10,21
107/12/03,50000,735000,14.05,15.50,14.00,15.15,0.95,43
107/12/04,14000,213900,15.20,15.60,15.05,15.40,0.25,12
107/12/05,5000,78550,15.80,15.80,15.35,15.35,-0.05,5
107/12/06,35000,516900,15.60,15.60,14.50,15.00,-0.35,27
107/12/07,4000,59900,15.00,15.00,14.95,14.95,-0.05,4
107/12/10,19000,289300,14.95,15.60,14.85,15.20,0.25,19
107/12/11,9000,136700,15.40,15.50,15.00,15.15,-0.05,9
107/12/12,21000,313450,14.55,15.20,14.55,14.90,-0.25,11
107/12/13,36000,533850,15.20,15.30,14.55,15.10,0.20,29
107/12/14,29000,434650,15.10,15.20,14.70,15.20,0.10,14
107/12/17,28000,422400,15.00,15.50,14.80,15.15,-0.05,22
107/12/18,113000,1604000,14.65,14.65,14.00,14.35,-0.80,102
107/12/19,53000,759400,14.15,14.70,14.10,14.50,0.15,43
107/12/20,20000,287200,14.35,14.45,14.10,14.45,-0.05,11
107/12/21,135000,1931800,14.15,14.90,14.10,14.50,0.05,111
107/12/22,70000,1056800,14.45,15.90,14.30,15.50,1.00,57
107/12/24,46000,703950,15.25,15.55,15.10,15.30,-0.20,31
107/12/25,29000,438850,15.30,15.50,14.85,15.10,-0.20,20
107/12/26,17000,252550,15.25,15.25,14.65,14.85,-0.25,15
107/12/27,38000,577050,15.25,15.40,14.80,15.10,0.25,34
107/12/28,30000,442350,15.20,15.20,14.55,14.70,-0.40,28
108/01/02,57000,820850,14.95,14.95,14.15,14.25,-0.45,44
108/01/03,107000,1495800,14.35,14.35,13.85,14.05,-0.20,58
108/01/04,125000,1699900,14.05,14.05,13.30,13.30,-0.75,82
108/01/07,19000,257900,13.60,13.65,13.40,13.40,0.10,15
108/01/08,35000,472350,13.65,13.70,13.40,13.45,0.05,31
108/01/09,43000,584850,13.45,13.85,13.45,13.50,0.05,39
108/01/10,16000,216150,13.65,13.65,13.35,13.50,0.00,14
108/01/11,16000,215850,13.80,13.80,13.35,13.40,-0.10,16
108/01/14,18000,241350,13.30,13.65,13.30,13.60,0.20,9
108/01/15,17000,227300,13.45,13.70,13.30,13.30,-0.30,8
108/01/16,22000,295300,13.40,13.70,13.30,13.55,0.25,18
108/01/17,17000,228450,13.70,13.70,13.35,13.35,-0.20,12
108/01/18,64000,857600,13.40,13.60,13.30,13.55,0.20,32
108/01/21,11000,148750,13.50,13.55,13.50,13.55,0.00,8
108/01/22,14000,187700,13.35,13.50,13.35,13.50,-0.05,9
108/01/23,21004,282402,13.40,13.65,13.30,13.65,0.15,19
108/01/24,10006,134630,13.60,13.60,13.35,13.35,-0.30,11
108/01/25,259090,3782468,14.00,14.65,14.00,14.65,1.30,116
108/01/28,331055,4752080,14.50,14.75,14.05,14.10,-0.55,207
108/01/29,45050,636175,14.00,14.30,13.95,14.30,0.20,28
108/01/30,51000,719600,14.30,14.40,14.00,14.00,-0.30,43
108/02/11,31000,436750,14.40,14.40,13.90,14.10,0.10,16
108/02/12,32000,448350,14.00,14.10,14.00,14.10,0.00,22
108/02/13,54000,766950,14.00,14.45,14.00,14.45,0.35,32
108/02/14,59000,846900,14.30,14.45,14.25,14.40,-0.05,25
108/02/15,21000,300250,14.45,14.45,14.15,14.30,-0.10,16
108/02/18,10000,143150,14.50,14.50,14.25,14.40,0.10,6
108/02/19,49000,699200,14.40,14.40,14.15,14.35,-0.05,23
108/02/20,99000,1429450,14.55,14.55,14.35,14.40,0.05,57
108/02/21,515500,7930775,14.45,15.80,14.40,15.65,1.25,268
108/02/22,156012,2406436,15.70,15.90,15.20,15.40,-0.25,85
108/02/25,59014,908215,15.40,15.60,15.25,15.30,-0.10,39
108/02/26,78000,1176400,15.30,15.30,14.80,15.20,-0.10,58
108/02/27,22000,331300,15.30,15.30,14.95,15.10,-0.10,17
108/03/04,36000,536000,15.30,15.30,14.80,14.85,-0.25,32
108/03/05,29000,433100,14.85,15.05,14.85,15.05,0.20,18
108/03/06,38000,565550,15.05,15.05,14.80,14.95,-0.10,33
108/03/07,23000,344550,14.80,15.10,14.80,15.05,0.10,21
108/03/08,72000,1053350,14.60,14.90,14.55,14.60,-0.45,62
108/03/11,32000,467800,14.55,14.90,14.50,14.65,0.05,20
108/03/12,74000,1109500,14.80,15.30,14.80,14.85,0.20,54
108/03/13,47000,699500,15.25,15.25,14.80,14.90,0.05,22
108/03/14,32450,482605,15.20,15.20,14.70,14.95,0.05,22
108/03/15,38000,567150,14.80,15.10,14.80,15.05,0.10,17
108/03/18,14000,209250,15.25,15.25,14.85,15.00,-0.05,12
108/03/19,20000,299600,15.00,15.15,14.95,15.00,0.00,15
108/03/20,69000,1026050,15.00,15.10,14.75,14.80,-0.20,45
108/03/21,45000,667500,14.90,15.05,14.75,14.75,-0.05,36
108/03/22,20000,296800,14.90,15.00,14.75,14.85,0.10,17
108/03/25,7000,102700,14.65,14.70,14.65,14.70,-0.15,6
108/03/26,169000,2649000,14.80,16.05,14.80,15.50,0.80,106
108/03/27,63850,977082,15.60,15.60,15.10,15.30,-0.20,43
108/03/28,77000,1146650,14.80,15.15,14.80,15.00,-0.30,47
108/03/29,23000,349600,15.05,15.25,15.05,15.20,0.20,21
108/04/01,700604,11441385,15.35,16.70,15.35,16.70,1.50,317
108/04/02,571320,9378843,17.40,17.40,15.90,16.40,-0.30,363
108/04/03,119000,1935850,16.40,16.40,16.05,16.30,-0.10,92
108/04/08,46020,751605,16.30,16.50,16.30,16.30,0.00,26
108/04/09,86050,1403974,16.30,16.40,16.20,16.35,0.05,59
108/04/10,195552,3107371,16.20,16.20,15.80,15.80,-0.55,89
108/04/11,95000,1542350,16.90,16.90,16.00,16.05,0.25,84
108/04/12,41008,659786,16.15,16.20,15.95,16.15,0.10,37
108/04/15,11045,178298,16.15,16.20,16.05,16.05,-0.10,12
108/04/16,1062000,17431900,16.05,16.60,16.00,16.35,0.30,185
108/04/17,147200,2439300,16.50,16.75,16.40,16.70,0.35,99
108/04/18,126000,2077650,16.80,17.10,16.25,16.45,-0.25,95
108/04/19,15045,247003,16.40,16.50,16.35,16.50,0.05,13
108/04/22,26000,425050,16.40,16.50,16.25,16.25,-0.25,21
108/04/23,31000,499450,16.15,16.20,16.05,16.10,-0.15,21
108/04/24,26000,420350,16.25,16.25,16.10,16.10,0.00,13
108/04/25,19000,303450,16.10,16.10,15.90,15.95,-0.15,14
108/04/26,22000,347700,15.90,15.90,15.75,15.80,-0.15,15
108/04/29,36864,577792,15.60,16.20,15.60,15.60,-0.20,20
108/04/30,13298,208878,15.80,15.80,15.60,15.75,0.15,12
108/05/02,31000,483950,15.80,15.80,15.50,15.70,-0.05,19
108/05/03,29000,450900,15.55,15.75,15.50,15.75,0.05,18
108/05/06,34000,522050,15.75,15.75,15.20,15.30,-0.45,27
108/05/07,24000,367200,15.30,15.50,15.20,15.30,0.00,20
108/05/08,29000,433150,15.30,15.30,14.40,14.95,-0.35,20
108/05/09,42000,620900,14.95,14.95,14.60,14.60,-0.35,22
108/05/10,15100,220210,14.95,14.95,14.50,14.50,-0.10,13
108/05/13,24000,335950,14.40,14.40,13.60,14.00,-0.50,20
108/05/14,58000,807050,13.90,14.00,13.55,14.00,0.00,37
108/05/15,73021,1025894,14.00,14.40,13.90,13.90,-0.10,39
108/05/16,16022,223553,14.05,14.05,13.90,13.90,0.00,13
