96/04/23,2700387,68457296,25.75,25.75,24.80,25.25,+1.15,759
96/04/24,4954880,131499117,24.95,27.00,24.80,26.85,+1.60,1221
96/04/25,4185991,114095300,26.50,27.75,26.50,27.70,+0.85,1162
96/04/26,2666339,73214001,27.60,27.90,26.90,27.60,-0.10,747
96/04/27,1789034,49267527,27.20,27.85,27.00,27.55,-0.05,496
96/04/30,968966,26356682,27.40,27.50,27.00,27.30,-0.25,274
96/05/02,1531482,41101873,27.00,27.50,26.20,26.80,-0.50,445
96/05/03,1200394,30880107,26.40,26.70,24.95,25.70,-1.10,345
96/05/04,1374320,36285279,25.95,26.90,25.80,26.65,+0.95,385
96/05/07,888191,23931877,27.00,27.15,26.65,27.00,+0.35,292
96/05/08,1072956,29037251,26.80,27.50,26.50,27.50,+0.50,300
96/05/09,1705548,47283360,27.90,28.00,27.25,27.55,+0.05,470
96/05/10,7904731,230816367,28.50,29.45,28.50,29.45,+1.90,2296
96/05/11,3619523,106448486,29.40,29.85,29.00,29.45,0.00,1377
96/05/14,1307896,37925842,29.45,29.50,28.60,29.20,-0.25,479
96/05/15,1526436,43042439,29.10,29.45,27.20,27.30,-1.90,607
96/05/16,763218,20547269,26.25,27.30,26.25,27.00,-0.30,318
96/05/17,603997,16364818,26.60,27.45,26.60,26.95,-0.05,265
96/05/18,519259,13852312,27.00,27.20,26.50,26.60,-0.35,206
96/05/21,1830000,51133849,27.20,28.45,26.50,27.90,+1.30,632
96/05/22,3682844,106582085,28.25,29.45,27.35,29.00,+1.10,1296
96/05/23,4870569,148689239,29.50,31.00,29.35,31.00,+2.00,1396
96/05/24,4792153,156643567,31.80,33.15,31.80,33.15,+2.15,1575
96/05/25,11759380,383667913,34.40,35.20,30.85,30.85,-2.30,4488
96/05/28,1776000,51141600,28.70,29.60,28.70,28.70,-2.15,769
96/05/29,3688397,105283387,28.70,29.30,28.05,28.20,-0.50,1568
96/05/30,2231240,64429062,28.20,29.30,28.20,28.60,+0.40,1010
96/05/31,1521000,43688100,29.00,29.20,28.30,28.40,-0.20,707
96/06/01,1852000,51110750,28.40,28.60,27.10,27.40,-1.00,834
96/06/04,1501876,42137376,27.50,28.45,27.50,28.00,+0.60,615
96/06/05,955000,26319050,28.00,28.20,27.35,27.40,-0.60,460
96/06/06,1364701,37871606,27.60,28.15,27.35,27.40,0.00,548
96/06/07,1132278,31366795,27.30,28.10,27.10,27.50,+0.10,508
96/06/08,690000,19068400,27.50,27.80,27.50,27.65,+0.15,337
96/06/11,943000,25947350,27.90,28.00,27.20,27.20,-0.45,422
96/06/12,741439,20209853,27.30,27.60,27.10,27.20,0.00,352
96/06/13,663334,18047367,27.25,27.55,26.85,26.85,-0.35,321
96/06/14,820136,21967504,27.00,27.20,26.50,26.50,-0.35,376
96/06/15,1033042,28239719,26.90,27.90,26.80,27.00,+0.50,468
96/06/20,641186,17313556,27.50,27.50,26.65,26.65,-0.35,261
96/06/21,943235,25454849,26.85,27.40,26.65,26.75,+0.10,310
96/06/22,692921,18570493,27.10,27.10,26.60,26.80,+0.05,312
96/06/23,1455112,39796790,26.95,27.75,26.85,27.55,+0.75,611
96/06/25,627401,17294636,27.90,27.90,27.30,27.30,-0.25,311
96/06/26,508101,13885327,27.30,27.60,27.00,27.00,-0.30,266
96/06/27,658234,17688950,27.00,27.20,26.70,26.70,-0.30,300
96/06/28,1108000,30347800,26.80,27.70,26.80,27.10,+0.40,424
96/06/29,626000,16963900,27.50,27.65,26.80,26.85,-0.25,268
96/07/02,384160,10326806,26.85,27.15,26.75,26.85,0.00,184
96/07/03,2495370,69853069,27.20,28.70,27.00,28.70,+1.85,940
96/07/04,2473550,70813344,28.90,29.20,27.85,27.90,-0.80,1010
96/07/05,821518,23056717,27.90,28.35,27.70,27.70,-0.20,349
96/07/06,915000,25739000,28.00,28.50,27.75,28.15,+0.45,394
96/07/09,926049,26181278,28.80,28.80,28.15,28.30,+0.15,357
96/07/10,921344,25669092,28.30,28.50,27.50,27.60,-0.70,383
96/07/11,927200,25406470,27.70,27.80,27.10,27.10,-0.50,359
96/07/12,788000,21420700,27.20,27.40,27.00,27.00,-0.10,303
96/07/13,1033876,27680814,27.40,27.40,26.50,26.50,-0.50,374
96/07/16,875000,23417600,26.50,27.10,26.50,26.65,+0.15,310
96/07/17,399188,10671491,27.00,27.00,26.65,26.70,+0.05,166
96/07/18,359268,9611388,27.00,27.00,26.60,26.60,-0.10,167
96/07/19,736000,19886199,26.80,27.30,26.65,27.00,+0.40,334
96/07/20,435080,11814098,27.60,27.60,26.80,26.85,-0.15,196
96/07/23,623043,16844317,26.85,27.35,26.80,27.15,+0.30,240
96/07/24,623386,16877943,27.45,27.45,26.80,26.80,-0.35,267
96/07/25,529200,14219910,27.00,27.05,26.60,26.80,0.00,216
96/07/26,1580640,43520308,26.80,28.00,26.80,27.20,+0.40,603
96/07/27,901348,24734796,27.00,28.00,26.80,27.00,-0.20,390
96/07/30,732000,19631600,27.00,27.40,26.50,26.60,-0.40,283
96/07/31,631000,16988800,27.00,27.15,26.70,26.75,+0.15,231
96/08/01,3678314,104226709,27.00,28.60,26.85,28.10,+1.35,1302
96/08/02,2461000,68417350,28.50,28.85,26.70,26.70,-1.40,847
96/08/03,693054,18605689,27.00,27.20,26.60,26.70,0.00,337
96/08/06,747010,18901605,26.00,26.00,24.90,24.95,-1.75,311
96/08/07,728000,17600450,25.65,25.65,23.50,23.50,-1.45,322
96/08/08,251000,5981650,23.60,24.20,23.50,23.90,+0.40,137
96/08/09,512080,12369370,24.10,24.45,23.70,24.00,+0.10,188
96/08/10,245000,5720150,23.80,23.80,23.00,23.30,-0.70,111
96/08/13,356000,8217950,23.30,23.30,23.00,23.00,-0.30,129
96/08/14,396000,9236900,23.00,23.85,22.75,23.40,+0.40,158
96/08/15,340000,7709550,23.35,23.35,22.30,22.30,-1.10,137
96/08/16,560000,12021000,22.30,22.30,20.75,20.75,-1.55,196
96/08/17,567000,11267900,20.50,20.50,19.30,19.30,-1.45,182
96/08/20,245000,4848950,19.70,20.20,19.50,20.15,+0.85,111
96/08/21,252250,5000675,20.15,20.15,19.65,19.85,-0.30,89
96/08/22,171000,3360150,19.80,19.80,19.50,19.75,-0.10,70
96/08/23,412024,8379256,19.85,20.70,19.80,20.70,+0.95,149
96/08/24,416004,8793784,20.85,21.50,20.80,21.45,+0.75,183
96/08/27,940614,21479391,22.80,22.95,22.60,22.95,+1.50,305
96/08/28,657040,14980582,23.00,23.00,22.50,22.65,-0.30,318
96/08/29,285000,6308250,22.40,22.60,21.80,22.20,-0.45,127
96/08/30,342000,7680250,22.40,22.80,22.20,22.45,+0.25,171
96/08/31,260000,5784550,22.50,22.50,22.10,22.25,-0.20,98
96/09/03,238000,5346400,22.50,22.75,22.25,22.50,+0.25,100
96/09/04,221016,4882118,22.40,22.40,22.00,22.05,-0.45,96
96/09/05,162000,3584000,22.50,22.50,22.05,22.15,+0.10,66
96/09/06,121000,2674200,22.15,22.15,22.00,22.10,-0.05,44
96/09/07,307374,6758534,22.10,22.30,21.80,21.85,-0.25,106
96/09/10,138000,3030950,21.50,22.30,21.50,22.20,+0.35,71
96/09/11,184234,4116329,22.00,22.50,22.00,22.35,+0.15,95
96/09/12,774374,17394938,22.45,22.60,22.30,22.50,+0.15,254
96/09/13,418200,8676900,20.75,21.00,20.15,20.15,,176
96/09/14,188438,3796125,20.30,20.30,20.05,20.15,0.00,68
96/09/17,59000,1174950,20.00,20.00,19.85,19.90,-0.25,31
96/09/19,156000,3095600,20.00,20.10,19.55,19.65,-0.25,81
96/09/20,107100,2100640,19.70,19.85,19.35,19.35,-0.30,59
96/09/21,77000,1511000,19.40,19.80,19.40,19.50,+0.15,39
96/09/26,56400,1105710,19.65,19.75,19.50,19.60,+0.10,35
96/09/27,53000,1051400,19.90,19.95,19.70,19.90,+0.30,35
96/09/28,159000,3210750,20.20,20.35,20.00,20.25,+0.35,72
96/09/29,77036,1548073,20.30,20.35,20.00,20.10,-0.15,37
96/10/01,63001,1272820,20.35,20.35,20.15,20.15,+0.05,32
96/10/02,253000,5179450,20.40,20.90,20.15,20.35,+0.20,98
96/10/03,181574,3693930,20.30,20.45,20.30,20.35,0.00,77
96/10/04,107040,2171058,20.65,20.65,20.20,20.20,-0.15,61
96/10/05,83100,1669780,20.20,20.20,19.85,19.85,-0.35,52
96/10/08,124470,2474610,19.85,20.00,19.60,19.60,-0.25,48
96/10/09,75000,1474150,19.70,19.85,19.60,19.60,0.00,44
96/10/11,268000,5220100,19.70,19.70,19.30,19.55,-0.05,81
96/10/12,339693,6485386,19.50,19.50,18.50,18.60,-0.95,115
96/10/15,901000,15839500,18.60,18.60,17.30,17.55,-1.05,252
96/10/16,178793,3093147,17.50,17.50,17.10,17.35,-0.20,77
96/10/17,1155414,21292092,17.40,18.55,17.40,18.20,+0.85,273
96/10/18,159000,2867450,18.15,18.40,17.75,18.00,-0.20,94
96/10/19,108000,1950950,18.00,18.30,18.00,18.10,+0.10,54
96/10/22,106000,1859200,17.80,17.80,17.40,17.50,-0.60,55
96/10/23,140000,2469800,17.60,17.80,17.50,17.55,+0.05,58
96/10/24,111600,1963390,17.60,17.70,17.50,17.55,0.00,65
96/10/25,50000,881600,17.55,17.70,17.55,17.60,+0.05,32
96/10/26,94000,1674900,17.75,17.85,17.75,17.75,+0.15,40
96/10/29,176011,3179758,17.95,18.15,17.95,18.10,+0.35,75
96/10/30,135000,2438950,18.20,18.20,17.85,18.00,-0.10,71
96/10/31,118000,2144750,18.10,18.30,18.00,18.20,+0.20,57
96/11/01,156981,2863998,18.35,18.45,18.00,18.10,-0.10,90
96/11/02,210049,3754027,18.00,18.00,17.50,17.95,-0.15,105
96/11/05,87147,1543729,17.95,17.95,17.50,17.90,-0.05,54
96/11/06,127944,2260207,17.80,17.95,17.55,17.70,-0.20,66
96/11/07,192055,3427374,17.80,18.05,17.70,17.75,+0.05,81
96/11/08,219000,3836700,17.80,17.80,17.35,17.35,-0.40,115
96/11/09,236960,4114145,17.20,17.60,17.20,17.60,+0.25,74
96/11/12,131529,2257194,17.20,17.30,17.00,17.10,-0.50,73
96/11/13,170406,2910269,17.10,17.30,16.95,17.05,-0.05,87
96/11/14,104560,1810188,17.05,17.45,17.05,17.30,+0.25,66
96/11/15,95941,1638197,17.30,17.30,17.00,17.00,-0.30,64
96/11/16,89360,1528592,16.90,17.30,16.90,17.15,+0.15,50
96/11/19,73040,1255334,17.20,17.30,17.10,17.10,-0.05,33
96/11/20,40680,691778,16.95,17.20,16.95,17.20,+0.10,28
96/11/21,28600,488449,17.20,17.20,17.00,17.00,-0.20,22
96/11/22,68360,1161027,16.90,17.15,16.90,17.10,+0.10,42
96/11/23,75480,1284084,17.25,17.25,16.90,16.90,-0.20,42
96/11/26,48841,829212,16.90,17.10,16.90,17.00,+0.10,25
96/11/27,121800,2018450,16.90,16.90,16.30,16.55,-0.45,61
96/11/28,78861,1303018,16.55,16.60,16.35,16.55,0.00,43
96/11/29,67080,1124085,16.70,16.85,16.70,16.80,+0.25,25
96/11/30,48360,821933,17.00,17.10,16.95,17.00,+0.20,22
96/12/03,43366,736984,17.00,17.05,16.90,17.05,+0.05,23
96/12/04,94280,1599360,17.00,17.00,16.90,17.00,-0.05,37
96/12/05,92880,1584197,17.00,17.15,16.95,17.10,+0.10,40
96/12/06,72800,1240600,17.20,17.20,17.00,17.00,-0.10,29
96/12/07,46346,790398,17.20,17.20,17.00,17.05,+0.05,29
96/12/10,58920,1003386,17.05,17.10,16.90,16.90,-0.15,27
96/12/11,69600,1177678,16.90,17.00,16.90,16.95,+0.05,24
96/12/12,22142,372784,16.65,17.05,16.65,16.85,-0.10,14
96/12/13,131960,2227886,16.90,17.00,16.60,16.70,-0.15,48
96/12/14,129483,2137216,16.85,16.85,16.25,16.40,-0.30,58
96/12/17,162940,2567679,15.80,16.10,15.30,15.35,-1.05,83
96/12/18,474560,6874719,14.50,15.10,14.30,14.60,-0.75,154
96/12/19,190920,2796369,14.60,15.00,14.55,14.70,+0.10,74
96/12/20,87560,1287810,14.80,14.80,14.60,14.65,-0.05,46
96/12/21,98472,1440312,14.60,14.75,14.55,14.55,-0.10,60
96/12/24,70200,1048630,14.85,15.00,14.80,15.00,+0.45,33
96/12/25,78040,1160900,15.05,15.05,14.70,14.80,-0.20,38
96/12/26,93475,1374481,14.80,15.00,14.60,14.80,0.00,41
96/12/27,84080,1258960,14.75,15.10,14.75,14.90,+0.10,38
96/12/28,156824,2364415,14.80,15.30,14.80,15.25,+0.35,61
96/12/31,175075,2725992,15.40,16.15,15.30,15.95,+0.70,79
97/01/02,117400,1884939,15.55,16.30,15.55,16.10,+0.15,69
97/01/03,567674,9369053,16.10,16.80,16.10,16.50,+0.40,264
97/01/04,206320,3383981,16.60,16.65,16.20,16.35,-0.15,106
97/01/07,115120,1820109,16.20,16.20,15.60,15.60,-0.75,63
97/01/08,110120,1762716,15.70,16.20,15.65,15.65,+0.05,62
97/01/09,60200,943320,15.65,15.95,15.55,15.70,+0.05,34
97/01/10,47050,747192,15.80,16.00,15.80,15.85,+0.15,31
97/01/11,27720,437081,15.70,15.95,15.70,15.70,-0.15,21
97/01/14,23080,362790,15.75,16.10,15.60,15.65,-0.05,18
97/01/15,153440,2431013,15.65,16.10,15.65,15.70,+0.05,77
97/01/16,79360,1246030,15.75,15.85,15.60,15.60,-0.10,37
97/01/17,112440,1733360,15.70,15.70,15.20,15.30,-0.30,50
97/01/18,40760,628388,15.35,15.60,15.35,15.35,+0.05,27
97/01/21,134200,2046890,15.35,15.35,15.10,15.35,0.00,60
97/01/22,302000,4440750,15.10,15.30,14.30,14.50,-0.85,113
97/01/23,252400,3629489,14.40,14.80,14.00,14.20,-0.30,96
97/01/24,179720,2536858,14.65,14.65,14.00,14.00,-0.20,73
97/01/25,69520,982880,14.45,14.45,14.10,14.15,+0.15,35
97/01/28,93080,1313611,14.15,14.20,13.90,14.00,-0.15,43
97/01/29,43000,611050,14.20,14.30,14.00,14.25,+0.25,19
97/01/30,64200,916180,14.30,14.45,14.20,14.20,-0.05,31
97/01/31,115920,1640720,14.10,14.30,14.05,14.20,0.00,45
97/02/01,104280,1477498,14.20,14.25,14.10,14.25,+0.05,38
97/02/12,74240,1056284,14.10,14.30,14.10,14.20,-0.05,26
97/02/13,66240,940434,14.10,14.45,14.10,14.25,+0.05,26
97/02/14,132800,1912999,14.20,14.55,14.20,14.50,+0.25,54
97/02/15,62200,893640,14.45,14.45,14.30,14.45,-0.05,24
97/02/18,131060,1921914,14.50,14.80,14.50,14.75,+0.30,63
97/02/19,94521,1411912,14.75,15.15,14.70,15.00,+0.25,40
97/02/20,149840,2196730,15.00,15.10,14.50,14.60,-0.40,46
97/02/21,47400,704810,14.80,15.05,14.65,15.00,+0.40,28
97/02/22,117080,1767841,15.05,15.25,14.80,15.00,0.00,67
97/02/25,276840,4291419,15.15,15.60,15.15,15.60,+0.60,106
97/02/26,467787,7457405,15.65,16.20,15.65,15.85,+0.25,155
97/02/27,184248,2940667,16.05,16.15,15.75,15.75,-0.10,57
97/02/29,103400,1634640,15.80,15.95,15.75,15.85,+0.10,49
97/03/03,78749,1246084,15.30,16.15,15.30,16.15,+0.30,31
97/03/04,127040,2044232,16.10,16.25,15.90,15.90,-0.25,48
97/03/05,62260,994960,15.95,16.15,15.90,16.15,+0.25,35
97/03/06,117999,1898034,16.05,16.20,16.00,16.15,0.00,49
97/03/07,151000,2435700,16.15,16.30,16.00,16.15,0.00,54
97/03/10,80200,1271860,16.15,16.15,15.80,15.80,-0.35,37
97/03/11,21320,336856,15.80,15.95,15.65,15.80,0.00,21
97/03/12,123200,1969460,16.10,16.10,15.85,15.90,+0.10,35
97/03/13,158360,2530152,16.10,16.10,15.80,15.85,-0.05,83
97/03/14,65227,1035947,15.85,16.00,15.70,15.95,+0.10,36
97/03/17,78000,1217250,15.80,15.80,15.50,15.55,-0.40,34
97/03/18,37573,583381,15.55,15.70,15.50,15.55,0.00,13
97/03/19,34040,531872,15.60,15.75,15.55,15.60,+0.05,18
97/03/20,60910,933955,15.60,15.60,15.20,15.60,0.00,27
97/03/21,86460,1348853,15.70,15.70,15.50,15.55,-0.05,39
97/03/24,182163,2875076,15.90,16.10,15.60,15.60,+0.05,53
97/03/25,173523,2759963,15.80,16.00,15.80,15.90,+0.30,88
97/03/26,65240,1038254,15.90,16.10,15.80,15.90,0.00,35
97/03/27,147369,2314056,15.85,15.85,15.65,15.65,-0.25,52
97/03/28,112200,1772919,15.55,15.90,15.55,15.70,+0.05,43
97/03/31,220720,3424782,15.60,15.70,15.10,15.60,-0.10,87
97/04/01,169480,2649092,15.60,15.70,15.55,15.55,-0.05,45
97/04/02,116030,1818265,15.70,15.75,15.60,15.65,+0.10,54
97/04/03,70559,1106853,15.65,15.70,15.65,15.70,+0.05,36
97/04/07,109520,1718862,15.70,15.80,15.65,15.70,0.00,45
97/04/08,89280,1396118,15.70,15.70,15.60,15.70,0.00,33
97/04/09,158480,2488886,15.60,15.80,15.55,15.80,+0.10,52
97/04/10,91848,1452848,15.80,15.85,15.75,15.85,+0.05,44
97/04/11,93840,1474104,15.85,15.85,15.65,15.65,-0.20,43
97/04/14,99296,1535677,15.50,15.60,15.40,15.45,-0.20,40
97/04/15,235920,3607484,15.40,15.60,15.10,15.35,-0.10,88
97/04/16,175020,2678406,15.35,15.45,15.20,15.35,0.00,69
97/04/17,447541,7029246,15.40,15.95,15.40,15.80,+0.45,152
97/04/18,330169,5236835,15.85,15.95,15.75,15.90,+0.10,131
97/04/21,128840,2047722,15.95,15.95,15.85,15.85,-0.05,59
97/04/22,1343441,22414620,15.80,16.95,15.70,16.95,+1.10,455
97/04/23,1294199,22197123,17.35,17.50,16.70,16.80,-0.15,473
97/04/24,473623,7776991,16.65,16.90,16.25,16.30,-0.50,158
97/04/25,687135,11524390,16.35,17.10,16.30,16.75,+0.45,255
97/04/28,273240,4561834,16.75,16.85,16.45,16.75,0.00,100
97/04/29,298100,4894419,16.45,16.55,16.30,16.35,-0.40,104
97/04/30,144240,2340114,16.35,16.35,16.15,16.20,-0.15,48
97/05/02,266320,4308420,16.20,16.35,16.00,16.10,-0.10,86
97/05/05,342100,5396360,16.10,16.25,15.60,15.60,-0.50,126
97/05/06,118140,1861034,15.70,15.85,15.70,15.70,+0.10,69
97/05/07,238126,3802439,15.90,16.10,15.85,15.95,+0.25,122
97/05/08,132720,2117676,15.80,16.10,15.80,15.95,0.00,57
97/05/09,108999,1740833,15.95,16.05,15.90,16.00,+0.05,48
97/05/12,664481,11126380,16.05,17.10,16.00,16.90,+0.90,229
97/05/13,295880,4943340,16.90,16.90,16.55,16.75,-0.15,100
97/05/14,165924,2786076,16.80,16.95,16.70,16.80,+0.05,55
97/05/15,471652,8088184,16.85,17.35,16.85,17.20,+0.40,172
97/05/16,570097,9956302,17.40,17.90,17.05,17.05,-0.15,201
97/05/19,394310,6875225,17.15,17.85,17.15,17.65,+0.60,120
97/05/20,519998,9183116,17.65,18.00,17.05,17.05,-0.60,171
97/05/21,130025,2246575,17.20,17.40,17.15,17.35,+0.30,66
97/05/22,139445,2397102,16.90,17.50,16.90,17.15,-0.20,58
97/05/23,285320,4860894,17.15,17.50,16.80,16.80,-0.35,88
97/05/26,192095,3174581,16.80,16.80,16.35,16.50,-0.30,53
97/05/27,103440,1704116,16.50,16.80,16.30,16.50,0.00,35
97/05/28,223080,3636317,16.50,16.50,16.00,16.05,-0.45,91
97/05/29,87216,1406068,16.15,16.20,16.00,16.00,-0.05,43
97/05/30,213000,3397450,16.10,16.10,15.85,16.00,0.00,49
97/06/02,51117,821627,16.00,16.25,16.00,16.05,+0.05,27
97/06/03,260903,4148470,16.05,16.05,15.60,15.60,-0.45,75
97/06/04,214000,3393600,15.80,16.00,15.65,16.00,+0.40,72
97/06/05,114040,1817632,16.05,16.05,15.90,15.95,-0.05,26
97/06/06,119480,1933980,16.15,16.30,16.05,16.15,+0.20,38
97/06/09,124480,1983481,15.80,16.20,15.80,16.00,-0.15,46
97/06/10,87200,1391039,15.90,16.05,15.85,15.95,-0.05,34
97/06/11,110045,1748963,16.00,16.00,15.85,15.90,-0.05,35
97/06/12,343280,5329661,15.80,15.80,15.30,15.35,-0.55,101
97/06/13,165000,2557650,15.60,15.60,15.45,15.50,+0.15,36
97/06/16,74043,1147172,15.50,15.50,15.45,15.50,0.00,20
97/06/17,56080,869648,15.50,15.70,15.40,15.60,+0.10,21
97/06/18,58010,899455,15.60,15.60,15.50,15.50,-0.10,19
97/06/19,121103,1866541,15.50,15.50,15.30,15.45,-0.05,36
97/06/20,89120,1414710,15.45,16.20,15.45,15.60,+0.15,40
97/06/23,130121,2001763,15.50,15.50,15.30,15.45,-0.15,49
97/06/24,42520,656657,15.45,15.45,15.40,15.45,0.00,22
97/06/25,168972,2595667,15.40,15.45,15.25,15.45,0.00,59
97/06/26,27320,422844,15.45,15.50,15.45,15.50,+0.05,14
97/06/27,216000,3260000,15.25,15.25,15.00,15.15,-0.35,64
97/06/30,119903,1820447,15.00,15.40,15.00,15.05,-0.10,52
97/07/01,71400,1061139,15.05,15.10,14.60,14.75,-0.30,31
97/07/02,59160,867217,14.65,14.90,14.60,14.90,+0.15,27
97/07/03,184158,2704510,14.85,14.95,14.40,14.95,+0.05,52
97/07/04,39000,576500,14.90,14.95,14.70,14.95,0.00,15
97/07/07,102288,1518461,14.70,14.95,14.60,14.90,-0.05,40
97/07/08,42600,621639,14.75,14.75,14.45,14.50,-0.40,24
97/07/09,43173,627531,14.70,14.70,14.50,14.50,0.00,23
97/07/10,143000,2052550,14.40,14.70,14.00,14.50,0.00,60
97/07/11,53136,765542,14.40,14.50,14.20,14.45,-0.05,28
97/07/14,69400,988359,14.40,14.40,14.15,14.15,-0.30,25
97/07/15,162240,2219077,13.90,13.90,13.60,13.70,-0.45,44
97/07/16,114020,1489655,13.60,13.70,12.75,12.75,-0.95,47
97/07/17,224920,2823520,12.50,12.90,12.25,12.25,-0.50,59
97/07/18,337003,4027636,11.70,12.25,11.65,12.25,0.00,104
97/07/21,91477,1111318,12.35,12.45,11.90,12.30,+0.05,32
97/07/22,36000,439500,12.10,12.30,12.10,12.30,0.00,15
97/07/23,105000,1306350,12.30,12.50,12.30,12.45,+0.15,50
97/07/24,73040,911392,12.50,12.55,12.30,12.40,-0.05,31
97/07/25,44570,548168,12.40,12.45,12.10,12.30,-0.10,24
97/07/29,38507,451532,11.65,11.90,11.60,11.80,-0.50,23
97/07/30,37200,449120,12.00,12.20,12.00,12.20,+0.40,13
97/07/31,110200,1366900,12.30,12.60,12.10,12.60,+0.40,28
97/08/01,111400,1393000,12.60,12.80,12.20,12.60,0.00,31
97/08/04,218802,2809964,12.55,13.05,12.30,12.70,+0.10,63
97/08/05,56012,696498,12.60,12.60,12.30,12.30,-0.40,23
97/08/06,65000,811050,12.60,12.60,12.35,12.60,+0.30,25
97/08/07,80000,1010050,12.60,12.85,12.20,12.55,-0.05,21
97/08/08,153400,1960420,12.60,12.85,12.60,12.80,+0.25,45
97/08/11,107733,1364259,12.90,12.90,12.40,12.55,-0.25,32
97/08/12,154520,1963505,12.55,12.90,12.45,12.90,+0.35,37
97/08/13,91000,1155900,12.90,12.90,12.30,12.35,-0.55,25
97/08/14,115361,1438701,12.35,12.75,12.35,12.75,+0.40,47
97/08/15,54200,690220,12.90,12.90,12.50,12.55,-0.20,17
97/08/18,25000,316750,12.55,12.75,12.55,12.75,+0.20,4
97/08/19,20000,252250,12.20,12.65,12.20,12.65,-0.10,11
97/08/20,98003,1243188,12.65,12.90,12.45,12.75,+0.10,30
97/08/21,57012,722598,12.50,12.85,12.50,12.55,-0.20,21
97/08/22,35620,446223,12.50,12.65,12.35,12.35,-0.20,23
97/08/25,31040,388192,12.35,12.70,12.30,12.55,+0.20,26
97/08/26,24148,306575,12.90,12.90,12.40,12.60,+0.05,25
97/08/27,90160,1124180,12.80,12.80,12.30,12.30,-0.30,36
97/08/28,39080,484488,12.30,12.45,12.30,12.45,+0.15,19
97/08/29,50560,628286,12.45,12.55,12.35,12.35,-0.10,18
97/09/01,45000,547300,12.25,12.55,11.90,12.10,-0.25,19
97/09/02,36420,440830,12.10,12.15,12.05,12.15,+0.05,23
97/09/03,78006,910666,11.90,12.10,11.30,11.30,-0.85,36
97/09/04,260880,2818830,11.20,11.90,10.55,11.05,-0.25,80
97/09/05,294832,3050967,10.30,10.85,10.30,10.35,-0.70,57
97/09/08,111400,1190850,10.85,11.00,10.45,10.90,+0.55,58
97/09/09,27000,287900,10.80,10.80,10.45,10.65,-0.25,7
97/09/10,55600,588789,10.50,10.95,10.50,10.95,+0.30,18
97/09/11,59000,631699,10.80,10.95,10.65,10.85,-0.10,15
97/09/12,41800,440520,10.70,10.75,10.30,10.50,-0.35,14
97/09/15,90649,923390,10.30,10.45,10.10,10.10,-0.40,33
97/09/16,254003,2397277,9.40,10.00,9.40,9.40,-0.70,58
97/09/17,257357,2454853,9.50,9.75,9.45,9.50,+0.10,89
97/09/18,65540,550808,8.55,8.97,8.30,8.59,,38
97/09/19,104103,913785,8.41,9.00,8.30,9.00,+0.41,49
97/09/22,82120,702430,9.38,9.38,8.50,8.80,-0.20,22
97/09/23,37040,328174,8.75,9.00,8.65,9.00,+0.20,22
97/09/24,56120,512741,9.00,9.20,9.00,9.15,+0.15,23
97/09/25,38440,351238,9.10,9.35,9.10,9.35,+0.20,19
97/09/26,150797,1407998,9.35,9.37,9.10,9.37,+0.02,58
97/09/30,50288,453770,9.20,9.20,8.90,8.95,-0.42,11
97/10/01,56200,514637,9.02,9.40,9.02,9.40,+0.45,23
97/10/02,31200,292789,9.40,9.40,9.25,9.40,0.00,16
97/10/03,75440,727440,9.39,9.80,9.39,9.80,+0.40,41
97/10/06,161002,1574248,9.40,9.96,9.40,9.73,-0.07,45
97/10/07,65235,635944,9.60,9.79,9.60,9.70,-0.03,9
97/10/08,20742,196048,9.50,9.50,9.30,9.30,-0.40,10
97/10/09,39120,360028,9.20,9.39,9.15,9.39,+0.09,14
97/10/13,73000,662530,9.07,9.10,9.07,9.07,-0.32,15
97/10/14,26002,244098,9.39,9.60,9.30,9.60,+0.53,27
97/10/15,26071,243031,9.30,9.40,9.27,9.40,-0.20,19
97/10/16,160200,1457499,9.10,9.20,9.08,9.08,-0.32,30
97/10/17,71560,644412,8.81,9.15,8.81,9.01,-0.07,19
97/10/20,75000,668480,8.85,9.15,8.75,9.15,+0.14,18
97/10/21,57000,513630,9.06,9.06,9.00,9.02,-0.13,19
97/10/22,86001,769288,9.04,9.04,8.88,8.88,-0.14,20
97/10/23,11022,95191,8.71,8.78,8.57,8.78,-0.10,8
97/10/24,190000,1635179,8.48,8.79,8.48,8.52,-0.26,45
97/10/27,37600,323060,8.50,8.70,8.40,8.67,+0.15,19
97/10/28,193200,1606872,8.20,8.50,8.07,8.21,-0.46,39
97/10/29,39040,324468,8.49,8.49,8.25,8.26,+0.05,17
97/10/30,189500,1614959,8.45,8.65,8.31,8.65,+0.39,89
97/10/31,101000,883140,8.65,8.90,8.40,8.80,+0.15,53
97/11/03,112240,969830,8.42,9.00,8.42,9.00,+0.20,30
97/11/04,43400,380448,9.00,9.00,8.60,8.93,-0.07,22
97/11/05,79000,680030,8.70,8.88,8.52,8.70,-0.23,39
97/11/06,277002,2396936,8.69,8.70,8.53,8.69,-0.01,58
97/11/07,164120,1347710,8.09,8.50,8.09,8.43,-0.26,62
97/11/10,34800,292477,8.30,8.55,8.30,8.31,-0.12,30
97/11/11,41000,334950,8.15,8.46,8.06,8.37,+0.06,14
97/11/12,423278,3581135,8.48,8.54,8.25,8.50,+0.13,41
97/11/13,182174,1512756,8.40,8.40,8.25,8.25,-0.25,27
97/11/14,179200,1491150,8.35,8.45,8.30,8.30,+0.05,36
97/11/17,72040,602932,8.30,8.40,8.30,8.40,+0.10,18
97/11/18,127999,1070731,8.30,8.40,8.30,8.32,-0.08,28
97/11/19,20200,167750,8.30,8.31,8.30,8.31,-0.01,7
97/11/20,22000,178520,8.11,8.13,8.11,8.13,-0.18,9
97/11/21,133800,1091270,8.10,8.30,8.10,8.30,+0.17,29
97/11/24,92080,767605,8.30,8.35,8.30,8.32,+0.02,14
97/11/25,13040,109432,8.60,8.60,8.35,8.35,+0.03,8
97/11/26,152040,1274992,8.40,8.45,8.32,8.40,+0.05,29
97/11/27,137599,1164731,8.40,8.59,8.40,8.59,+0.19,27
97/11/28,658080,5930618,8.45,9.19,8.30,9.15,+0.56,89
97/12/01,331002,2879277,9.14,9.14,8.52,8.60,-0.55,95
97/12/02,49006,405699,8.50,8.50,8.20,8.20,-0.40,21
97/12/03,29001,235468,8.10,8.28,8.10,8.28,+0.08,12
97/12/04,98398,788357,8.07,8.10,7.90,7.90,-0.38,38
97/12/05,143001,1068077,7.70,7.70,7.35,7.55,-0.35,42
97/12/08,79002,598584,7.55,7.61,7.55,7.58,+0.03,37
97/12/09,77050,583668,7.58,7.59,7.50,7.58,0.00,27
97/12/10,41000,313060,7.60,7.66,7.60,7.60,+0.02,24
97/12/11,35800,271509,7.60,7.60,7.51,7.51,-0.09,18
97/12/12,44360,333674,7.60,7.60,7.42,7.45,-0.06,19
97/12/15,35000,264200,7.55,7.55,7.54,7.54,+0.09,13
97/12/16,38200,288660,7.54,7.57,7.54,7.57,+0.03,16
97/12/17,137040,1028119,7.60,7.69,7.30,7.59,+0.02,30
97/12/18,21100,160148,7.59,7.59,7.59,7.59,0.00,5
97/12/19,10120,75161,7.40,7.57,7.40,7.42,-0.17,28
97/12/22,88071,649207,7.25,7.45,7.25,7.35,-0.07,91
97/12/23,35000,251440,7.25,7.34,7.15,7.34,-0.01,8
97/12/24,97215,693327,7.10,7.33,6.95,7.32,-0.02,21
97/12/25,81151,572151,7.05,7.19,7.01,7.16,-0.16,22
97/12/26,75240,532803,7.10,7.15,7.03,7.15,-0.01,16
97/12/29,2044,14608,7.15,7.15,7.15,7.15,0.00,46
97/12/30,110240,781980,7.00,7.10,7.00,7.10,-0.05,40
97/12/31,64260,457744,7.20,7.20,7.10,7.11,+0.01,19
98/01/05,97673,704478,7.20,7.26,7.16,7.16,+0.05,25
98/01/06,67001,476707,7.15,7.16,7.03,7.14,-0.02,10
98/01/07,145319,1039134,7.15,7.17,7.15,7.15,+0.01,44
98/01/08,115041,822300,7.15,7.16,7.10,7.16,+0.01,25
98/01/09,52000,372120,7.16,7.17,7.15,7.17,+0.01,8
98/01/10,41001,293647,7.20,7.29,7.10,7.20,+0.03,12
98/01/12,64001,458977,7.10,7.35,7.10,7.18,-0.02,32
98/01/13,57001,409937,7.18,7.20,7.13,7.13,-0.05,12
98/01/14,34000,243140,7.15,7.18,7.10,7.14,+0.01,8
98/01/15,8033,56574,7.20,7.20,7.00,7.14,0.00,9
98/01/16,37000,264560,7.15,7.16,7.11,7.11,-0.03,6
98/01/17,7200,50549,7.00,7.13,7.00,7.13,+0.02,6
98/01/19,44001,303837,7.14,7.14,6.70,6.95,-0.18,12
98/01/20,16080,111790,7.00,7.09,6.90,7.04,+0.09,9
98/01/21,1005,7115,7.08,7.08,7.08,7.08,+0.04,2
98/02/02,10388,73317,7.08,7.08,7.00,7.00,-0.08,4
98/02/03,9000,63120,7.00,7.06,7.00,7.06,+0.06,4
98/02/04,3080,21520,6.90,7.03,6.90,7.03,-0.03,4
98/02/05,43640,302849,7.00,7.09,6.90,7.03,0.00,13
98/02/06,198000,1391390,7.03,7.04,7.00,7.04,+0.01,42
98/02/09,47999,341532,7.03,7.49,7.03,7.14,+0.10,25
98/02/10,18011,128196,7.20,7.20,7.10,7.15,+0.01,19
98/02/11,45880,328547,7.30,7.60,7.10,7.20,+0.05,21
98/02/12,98083,714945,7.20,7.50,7.20,7.35,+0.15,25
98/02/13,59145,445291,7.49,7.69,7.48,7.69,+0.34,31
98/02/16,40880,316931,7.67,7.89,7.67,7.89,+0.20,21
98/02/17,77003,615784,7.97,8.20,7.90,8.20,+0.31,36
98/02/18,89200,733669,7.85,8.39,7.85,8.30,+0.10,26
98/02/19,54640,460553,8.37,8.58,8.15,8.15,-0.15,23
98/02/20,19225,160217,8.45,8.45,8.16,8.34,+0.19,16
98/02/23,18365,152930,8.40,8.40,8.26,8.35,+0.01,34
98/02/24,16001,131368,8.20,8.39,8.05,8.28,-0.07,8
98/02/25,2171,18249,8.43,8.43,8.40,8.40,+0.12,4
98/02/26,11000,92550,8.40,8.48,8.40,8.48,+0.08,5
98/02/27,36001,297118,8.40,8.48,8.10,8.38,-0.10,19
98/03/02,18080,148485,8.37,8.37,8.15,8.25,-0.13,16
98/03/03,18080,147205,8.10,8.27,8.00,8.27,+0.02,12
98/03/04,68240,567126,8.25,8.42,8.25,8.42,+0.15,24
98/03/05,105165,874318,8.45,8.45,8.20,8.41,-0.01,47
98/03/06,22120,185866,8.38,8.44,8.38,8.44,+0.03,13
98/03/09,15116,125621,8.40,8.40,8.20,8.39,-0.05,17
98/03/10,14200,118390,8.39,8.44,8.24,8.41,+0.02,12
98/03/11,27621,233024,8.63,8.63,8.40,8.48,+0.07,16
98/03/12,44019,370319,8.39,8.48,8.36,8.43,-0.05,25
98/03/13,10520,90363,8.48,8.80,8.48,8.79,+0.36,10
98/03/16,19675,169384,8.75,8.79,8.50,8.69,-0.10,18
98/03/17,36600,312840,8.60,8.79,8.50,8.69,0.00,17
98/03/18,36367,309059,8.50,8.67,8.46,8.50,-0.19,24
98/03/19,27560,234459,8.50,8.60,8.50,8.60,+0.10,14
98/03/20,41760,358458,8.60,8.60,8.50,8.60,0.00,15
98/03/23,3419,29498,8.70,8.70,8.53,8.53,-0.07,7
98/03/24,55280,474222,8.60,8.70,8.40,8.40,-0.13,24
98/03/25,38123,320966,8.58,8.58,8.30,8.40,0.00,22
98/03/26,39440,334268,8.40,8.60,8.40,8.51,+0.11,19
98/03/27,159395,1435577,8.70,9.10,8.69,9.10,+0.59,75
98/03/30,83365,723129,9.10,9.10,8.55,8.69,-0.41,37
98/03/31,12200,105098,8.60,8.79,8.52,8.67,-0.02,11
98/04/01,29400,253238,8.67,8.79,8.54,8.64,-0.03,14
98/04/02,61345,529808,8.61,8.79,8.56,8.60,-0.04,26
98/04/03,84040,724723,8.78,8.78,8.57,8.64,+0.04,38
98/04/06,22453,194602,8.63,8.70,8.63,8.64,0.00,20
98/04/07,23160,200224,8.70,8.70,8.64,8.64,0.00,16
98/04/08,76652,663914,8.64,8.80,8.55,8.62,-0.02,34
98/04/09,67722,601042,9.20,9.20,8.75,8.87,+0.25,43
98/04/10,550083,5156405,8.90,9.49,8.90,9.12,+0.25,133
98/04/13,76520,678087,8.55,9.10,8.55,8.99,-0.13,33
98/04/14,31520,276953,8.97,8.97,8.71,8.72,-0.27,28
98/04/15,39240,347408,8.69,8.92,8.69,8.80,+0.08,25
98/04/16,277282,2461308,8.90,9.03,8.81,8.82,+0.02,116
98/04/17,272400,2385638,8.85,8.89,8.55,8.70,-0.12,81
98/04/20,49003,417983,8.55,8.78,8.35,8.74,+0.04,26
98/04/21,26160,222657,8.20,8.79,8.20,8.79,+0.05,20
98/04/22,287100,2561726,8.42,9.08,8.42,9.03,+0.24,86
98/04/23,85908,765666,8.80,9.04,8.80,8.88,-0.15,58
98/04/24,294600,2620221,8.90,9.00,8.81,8.89,+0.01,78
98/04/27,107017,924064,8.89,8.94,8.51,8.51,-0.38,48
98/04/28,171320,1435338,8.50,8.63,8.25,8.47,-0.04,62
98/04/29,50000,419930,8.37,8.50,8.30,8.30,-0.17,26
98/04/30,137945,1182689,8.40,8.67,8.35,8.55,+0.25,67
98/05/04,225999,1934961,8.55,8.69,8.53,8.55,0.00,34
98/05/05,59246,484716,8.44,8.64,8.10,8.37,-0.18,44
98/05/06,86280,720652,8.30,8.50,8.20,8.48,+0.11,34
98/05/07,81600,679569,8.48,8.48,8.08,8.47,-0.01,32
98/05/08,9440,77399,8.20,8.20,8.20,8.20,-0.27,9
98/05/11,64461,537945,8.20,8.43,8.20,8.33,+0.13,38
98/05/12,12320,101415,8.40,8.40,8.16,8.34,+0.01,9
98/05/13,50201,412418,8.28,8.29,8.15,8.29,-0.05,21
98/05/14,35321,292454,8.28,8.30,8.20,8.30,+0.01,13
98/05/15,65999,542241,8.22,8.29,8.00,8.20,-0.10,28
98/05/18,23204,187738,8.10,8.19,8.07,8.08,-0.12,14
98/05/19,88123,712336,8.10,8.29,8.01,8.29,+0.21,26
98/05/20,83442,687168,7.86,8.53,7.86,8.33,+0.04,28
98/05/21,17617,144649,8.20,8.29,8.20,8.28,-0.05,12
98/05/22,54999,451340,8.28,8.30,8.12,8.28,0.00,31
98/05/25,16440,135348,8.28,8.30,8.19,8.25,-0.03,15
98/05/26,31144,256859,8.25,8.33,8.20,8.20,-0.05,16
98/05/27,98480,807416,8.20,8.29,8.15,8.21,+0.01,30
98/06/01,353200,3008044,8.45,8.69,8.42,8.52,+0.31,103
98/06/02,135538,1156523,8.52,8.60,8.45,8.52,0.00,49
98/06/03,80173,677007,8.10,8.55,8.10,8.43,-0.09,29
98/06/04,209081,1758932,8.48,8.52,8.20,8.36,-0.07,78
98/06/05,71162,598546,8.50,8.50,8.37,8.37,+0.01,32
98/06/06,66200,556115,8.40,8.42,8.39,8.40,+0.03,49
98/06/08,112411,940722,8.42,8.42,8.26,8.26,-0.14,64
98/06/09,89080,729906,8.23,8.26,8.12,8.23,-0.03,38
98/06/10,20000,163190,8.11,8.22,8.11,8.19,-0.04,16
98/06/11,28000,227110,8.19,8.19,8.06,8.09,-0.10,10
98/06/12,12560,101456,8.10,8.15,8.03,8.15,+0.06,9
98/06/15,61018,489364,8.15,8.15,7.98,8.00,-0.15,23
98/06/16,46200,368809,8.05,8.06,7.91,8.00,0.00,26
98/06/17,56018,446784,8.00,8.00,7.92,8.00,0.00,19
98/06/18,24880,199580,8.00,8.12,8.00,8.00,0.00,14
98/06/19,9000,72010,8.00,8.09,7.92,8.09,+0.09,5
98/06/22,17080,138310,8.09,8.10,8.09,8.10,+0.01,10
98/06/23,11000,88940,8.10,8.10,8.02,8.02,-0.08,7
98/06/24,686578,5844744,7.93,8.58,7.93,8.58,+0.56,178
98/06/25,778032,7142331,9.18,9.18,9.18,9.18,+0.60,283
98/06/26,3257292,31380565,9.82,9.82,8.83,9.18,0.00,734
98/06/29,535680,4736617,8.54,9.18,8.54,8.81,-0.37,160
98/06/30,484400,4313560,8.85,9.00,8.70,8.81,0.00,150
98/07/01,213000,1893590,8.81,8.99,8.81,8.86,+0.05,46
98/07/02,225000,1983020,8.90,8.90,8.70,8.89,+0.03,37
98/07/03,500400,4504437,8.80,9.18,8.75,8.88,-0.01,71
98/07/06,240820,2146380,8.88,9.00,8.88,8.89,+0.01,75
98/07/07,192336,1717637,9.08,9.08,8.84,8.84,-0.05,52
98/07/08,97614,855826,8.70,8.84,8.70,8.84,0.00,34
98/07/09,62120,547612,8.80,8.86,8.80,8.85,+0.01,24
98/07/10,81160,720254,8.90,8.90,8.80,8.90,+0.05,18
98/07/13,241081,2135500,8.50,8.99,8.50,8.94,+0.04,42
98/07/14,67120,599398,8.95,8.98,8.81,8.97,+0.03,21
98/07/15,444733,3989410,8.97,9.30,8.86,9.19,+0.22,58
98/07/16,37880,345830,9.18,9.19,9.04,9.04,-0.15,19
98/07/17,48600,438310,9.00,9.10,9.00,9.10,+0.06,20
98/07/20,335123,3081542,9.00,9.33,8.95,9.33,+0.23,104
98/07/21,123685,1138272,9.36,9.36,9.01,9.25,-0.08,42
98/07/22,92340,850374,9.15,9.28,9.10,9.10,-0.15,30
98/07/23,1057164,10147203,9.10,9.72,9.08,9.41,+0.31,181
98/07/24,171000,1588210,9.45,9.46,9.18,9.29,-0.12,44
98/07/27,161020,1477463,9.21,9.30,9.05,9.15,-0.14,32
98/07/28,220080,2033938,9.38,9.38,9.17,9.19,+0.04,52
98/07/29,79980,731178,9.08,9.27,9.06,9.15,-0.04,24
98/07/30,88180,813146,9.06,9.34,9.06,9.28,+0.13,41
98/07/31,129440,1191963,9.24,9.30,9.13,9.20,-0.08,43
98/08/03,202150,1869345,9.30,9.33,9.20,9.33,+0.13,55
98/08/04,544000,5149760,9.33,9.65,9.22,9.22,-0.11,108
98/08/05,272000,2468370,9.00,9.28,9.00,9.00,-0.22,60
98/08/06,117080,1051250,9.15,9.20,8.82,9.08,+0.08,32
98/08/10,60640,544510,8.81,9.08,8.81,9.00,-0.08,16
98/08/11,41080,369720,9.00,9.00,9.00,9.00,0.00,15
98/08/12,89081,805363,9.30,9.30,8.86,9.19,+0.19,25
98/08/13,32985,301723,9.19,9.19,9.04,9.18,-0.01,14
98/08/14,658080,6114958,9.20,9.35,9.08,9.20,+0.02,95
98/08/17,175000,1608000,9.17,9.29,9.10,9.10,-0.10,49
98/08/18,456178,4220319,9.14,9.36,9.10,9.20,+0.10,101
98/08/19,1958070,18994618,9.30,9.84,9.20,9.45,+0.25,361
98/08/20,457080,4196616,9.40,9.40,8.82,9.26,-0.19,106
98/08/21,300520,2796803,9.10,9.47,9.00,9.30,+0.04,81
98/08/24,133001,1238589,9.35,9.43,9.24,9.28,-0.02,47
98/08/25,74575,700310,9.30,9.50,9.25,9.30,+0.02,30
98/08/26,214999,2035720,9.25,9.62,9.24,9.48,+0.18,55
98/08/27,200296,1903412,9.38,9.58,9.38,9.53,+0.05,63
98/08/28,89000,837740,9.50,9.52,9.36,9.36,-0.17,29
98/08/31,113716,1032582,9.36,9.36,9.00,9.00,-0.36,52
98/09/01,139200,1260890,9.00,9.15,9.00,9.15,+0.15,51
98/09/02,25000,229200,9.15,9.25,9.09,9.25,+0.10,13
98/09/03,85378,795707,9.10,9.40,9.10,9.31,+0.06,43
98/09/04,82240,759113,9.31,9.39,9.16,9.18,-0.13,27
98/09/07,66228,609787,9.20,9.29,9.13,9.24,+0.06,24
98/09/08,119680,1096440,9.31,9.31,9.11,9.11,-0.13,48
98/09/09,133160,1215265,9.16,9.20,9.09,9.19,+0.08,29
98/09/10,82670,757108,9.20,9.29,9.11,9.12,-0.07,35
98/09/11,49000,446440,9.12,9.18,9.05,9.18,+0.06,17
98/09/14,184880,1702447,9.18,9.30,9.18,9.20,+0.02,48
98/09/15,99280,918020,9.22,9.29,9.21,9.29,+0.09,53
98/09/16,193400,1807420,9.29,9.39,9.26,9.37,+0.08,83
98/09/17,238628,2254603,9.38,9.53,9.38,9.50,+0.13,80
98/09/18,299060,2855533,8.90,9.80,8.90,9.70,+0.20,132
98/09/21,465412,4661238,9.81,10.30,9.78,10.10,+0.40,196
98/09/22,1056440,10929597,9.90,10.45,9.90,10.25,,249
98/09/23,648865,6598536,10.25,10.50,10.00,10.20,-0.05,162
98/09/24,133060,1357362,10.15,10.30,10.05,10.25,+0.05,44
98/09/25,631265,6858759,10.25,10.95,10.25,10.70,+0.45,216
98/09/28,245353,2578055,10.70,10.70,10.30,10.60,-0.10,76
98/09/29,182786,1932453,10.40,10.90,10.40,10.60,0.00,57
98/09/30,148880,1568451,10.55,10.65,10.50,10.50,-0.10,57
98/10/01,119975,1259090,10.50,10.55,10.45,10.50,0.00,39
98/10/02,150100,1577300,10.50,10.65,10.45,10.50,0.00,30
98/10/05,118960,1249184,10.60,10.60,10.50,10.50,0.00,33
98/10/06,95470,1013635,10.65,10.70,10.55,10.60,+0.10,35
98/10/07,53000,561650,10.70,10.70,10.50,10.60,0.00,28
98/10/08,44361,472826,10.60,10.70,10.55,10.65,+0.05,16
98/10/09,103320,1099810,10.70,10.70,10.55,10.60,-0.05,29
98/10/12,44360,472416,10.60,10.75,10.60,10.65,+0.05,23
98/10/13,36930,393450,10.70,10.75,10.60,10.75,+0.10,19
98/10/14,573516,6556031,10.95,11.50,10.95,11.50,+0.75,164
98/10/15,409774,4645067,11.50,11.60,11.15,11.30,-0.20,134
98/10/16,87949,990778,11.40,11.40,11.20,11.25,-0.05,55
98/10/19,30902,348542,11.25,11.35,11.15,11.35,+0.10,26
98/10/20,141603,1628513,11.30,11.80,11.20,11.35,0.00,62
98/10/21,198817,2317366,11.55,11.90,11.35,11.85,+0.50,74
98/10/22,737838,9148141,11.95,12.65,11.95,12.45,+0.60,180
98/10/23,138000,1713600,12.20,12.55,12.20,12.50,+0.05,48
98/10/26,311120,4072198,13.00,13.35,12.50,13.05,+0.55,92
98/10/27,85765,1115391,12.95,13.25,12.75,12.95,-0.10,39
98/10/28,120999,1544037,13.00,13.00,12.50,12.50,-0.45,44
98/10/29,270008,3194544,12.20,12.40,11.65,11.80,-0.70,83
98/10/30,134760,1624644,12.00,12.50,11.90,12.00,+0.20,42
98/11/02,59800,712620,11.90,12.00,11.80,12.00,0.00,29
98/11/03,5160,62436,11.95,12.15,11.95,12.15,+0.15,4
98/11/04,42020,517346,12.30,12.40,12.20,12.40,+0.25,13
98/11/05,84080,1018180,12.40,12.40,11.65,12.25,-0.15,41
98/11/06,76040,902919,12.35,12.35,11.80,12.25,0.00,25
98/11/09,8400,101000,11.90,12.15,11.90,11.95,-0.30,6
98/11/10,100000,1190300,11.85,12.00,11.85,12.00,+0.05,20
98/11/11,16239,193394,11.80,12.00,11.75,11.95,-0.05,15
98/11/12,38000,448700,12.00,12.00,11.65,11.90,-0.05,16
98/11/13,1919034,24201179,11.70,12.70,11.65,12.70,+0.80,308
98/11/16,6681760,88633147,12.85,13.55,12.85,13.50,+0.80,542
98/11/17,931000,11774400,12.60,13.30,12.60,12.60,-0.90,222
98/11/18,211978,2618828,12.50,12.70,12.00,12.35,-0.25,90
98/11/19,121000,1493850,12.35,12.60,12.20,12.35,0.00,47
98/11/20,161320,1938071,12.35,12.35,11.60,12.15,-0.20,69
98/11/23,59616,717642,12.00,12.15,12.00,12.05,-0.10,31
98/11/24,78400,933130,11.70,12.10,11.70,12.00,-0.05,43
98/11/25,31120,373516,12.00,12.10,11.90,11.90,-0.10,22
98/11/26,54591,643663,11.70,11.90,11.70,11.75,-0.15,38
98/11/27,115002,1328273,11.70,11.75,11.25,11.50,-0.25,43
98/11/30,172220,2051072,11.50,12.30,11.50,12.30,+0.80,51
98/12/01,96787,1152882,11.75,12.25,11.75,12.05,-0.25,39
98/12/02,51280,610597,11.95,12.20,11.85,11.90,-0.15,23
98/12/03,98480,1175862,11.95,12.00,11.80,12.00,+0.10,40
98/12/04,24000,289450,11.85,12.20,11.85,12.00,0.00,17
98/12/07,75971,915552,12.00,12.10,12.00,12.10,+0.10,30
98/12/08,94440,1134674,12.05,12.15,12.00,12.15,+0.05,23
98/12/09,148920,1794547,12.15,12.15,12.00,12.00,-0.15,40
98/12/10,119084,1422069,12.15,12.15,11.80,11.90,-0.10,42
98/12/11,52960,634574,12.05,12.05,11.95,12.00,+0.10,21
98/12/14,85200,1015540,12.00,12.05,11.70,11.80,-0.20,36
98/12/15,125440,1505089,11.80,12.10,11.80,11.90,+0.10,54
98/12/16,124320,1477658,11.80,12.05,11.80,11.95,+0.05,38
98/12/17,751201,9335112,12.00,12.75,12.00,12.10,+0.15,222
98/12/18,49000,588800,11.90,12.10,11.90,12.00,-0.10,29
98/12/21,52124,629638,12.00,12.15,12.00,12.10,+0.10,20
98/12/22,28600,346540,12.45,12.45,12.00,12.00,-0.10,19
98/12/23,66288,795577,12.00,12.15,11.90,12.00,0.00,30
98/12/24,105479,1282348,12.00,12.30,12.00,12.05,+0.05,43
98/12/25,91000,1111250,12.30,12.30,12.05,12.30,+0.25,29
98/12/28,42000,512050,12.30,12.30,12.15,12.30,0.00,19
98/12/29,126360,1547655,12.30,12.35,12.15,12.20,-0.10,48
98/12/30,140697,1739021,12.25,12.55,12.15,12.40,+0.20,55
98/12/31,160079,1966905,12.30,12.40,12.20,12.20,-0.20,65
99/01/04,498520,6241848,12.30,12.80,12.20,12.50,+0.30,143
99/01/05,388000,4932749,12.50,13.30,12.30,12.65,+0.15,152
99/01/06,286458,3685255,12.65,13.00,12.55,13.00,+0.35,107
99/01/07,122324,1568564,13.00,13.00,12.65,12.85,-0.15,48
99/01/08,105356,1338335,12.85,12.85,12.60,12.70,-0.15,43
99/01/11,133446,1711186,12.80,12.95,12.75,12.85,+0.15,43
99/01/12,157446,2026503,12.90,13.00,12.65,13.00,+0.15,59
99/01/13,122468,1578289,12.85,13.00,12.75,12.95,-0.05,45
99/01/14,231526,3043560,12.95,13.35,12.95,13.10,+0.15,99
99/01/15,183643,2416273,13.10,13.30,13.10,13.10,0.00,85
99/01/18,2404487,33518818,13.15,14.00,13.15,14.00,+0.90,483
99/01/19,1003211,13781358,14.00,14.00,13.50,13.50,-0.50,317
99/01/20,1163756,15705630,13.50,13.85,13.25,13.55,+0.05,269
99/01/21,406330,5514370,13.55,13.70,13.50,13.60,+0.05,110
99/01/22,223479,3024661,13.60,13.95,13.25,13.70,+0.10,91
99/01/25,808226,11292758,13.70,14.20,13.55,13.75,+0.05,261
99/01/26,1122513,14725319,13.80,13.85,12.80,12.85,-0.90,232
99/01/27,213547,2683723,12.60,12.85,12.35,12.85,0.00,73
99/01/28,182647,2366827,12.85,13.15,12.70,12.95,+0.10,62
99/01/29,168000,2150600,12.70,12.95,12.55,12.65,-0.30,36
99/02/01,53000,678000,12.95,12.95,12.60,12.80,+0.15,18
99/02/02,160084,2065257,13.00,13.05,12.70,12.70,-0.10,57
99/02/03,74320,954796,12.90,12.95,12.70,12.95,+0.25,30
99/02/04,64120,825036,12.75,13.00,12.75,12.95,0.00,20
99/02/05,100000,1266600,12.80,12.85,12.40,12.80,-0.15,43
99/02/06,50080,640024,12.50,12.90,12.50,12.90,+0.10,24
99/02/08,80000,1037900,12.90,13.20,12.85,12.85,-0.05,29
99/02/09,56400,728660,12.95,13.00,12.75,13.00,+0.15,19
99/02/10,113150,1455620,12.90,13.00,12.70,12.95,-0.05,46
99/02/22,59480,764192,12.95,13.00,12.60,13.00,+0.05,30
99/02/23,9000,116550,12.95,12.95,12.95,12.95,-0.05,7
99/02/24,21173,270981,12.90,12.95,12.70,12.90,-0.05,14
99/02/25,290000,3637000,12.90,12.90,12.00,12.80,-0.10,84
99/02/26,234360,2932291,12.10,12.75,12.10,12.30,-0.50,101
99/03/01,91040,1145608,12.60,12.75,12.40,12.70,+0.40,35
99/03/02,76201,947832,12.45,12.60,12.35,12.50,-0.20,27
99/03/03,20418,253974,12.60,12.60,12.40,12.50,0.00,16
99/03/04,50002,624124,12.40,12.70,12.25,12.70,+0.20,23
99/03/05,73120,925624,12.70,12.80,12.50,12.80,+0.10,35
99/03/08,493080,6395324,12.80,13.15,12.65,13.05,+0.25,106
99/03/09,3804751,53076272,13.95,13.95,13.95,13.95,+0.90,582
99/03/10,3212194,46199377,14.85,14.85,13.65,13.70,-0.25,970
99/03/11,937531,12629211,13.40,13.90,13.30,13.40,-0.30,305
99/03/12,297389,4014639,13.30,13.70,13.30,13.50,+0.10,111
99/03/15,455001,6069213,13.60,13.60,13.30,13.30,-0.20,103
99/03/16,1446994,20197167,13.70,14.20,13.50,13.65,+0.35,307
99/03/17,291210,3950806,13.30,13.70,13.30,13.65,0.00,96
99/03/18,440852,6042562,13.45,13.85,13.45,13.85,+0.20,183
99/03/19,474082,6445347,13.85,13.85,13.50,13.50,-0.35,137
99/03/22,156292,2102632,13.55,13.65,13.35,13.40,-0.10,60
99/03/23,907420,12093543,13.50,13.50,13.30,13.30,-0.10,202
99/03/24,278847,3731328,13.35,13.50,13.30,13.30,0.00,131
99/03/25,206034,2786505,13.35,13.70,13.35,13.50,+0.20,86
99/03/26,151161,2027390,13.50,13.50,13.35,13.45,-0.05,72
99/03/29,195320,2624906,13.50,13.50,13.40,13.40,-0.05,67
99/03/30,417983,5666723,13.45,13.75,13.40,13.45,+0.05,105
99/03/31,103201,1388222,13.45,13.65,13.35,13.40,-0.05,51
99/04/01,161815,2167438,13.35,13.55,13.35,13.40,0.00,79
99/04/02,345799,4632425,13.40,13.55,13.30,13.35,-0.05,93
99/04/06,91280,1221774,13.35,13.45,13.35,13.45,+0.10,31
99/04/07,100040,1339632,13.45,13.50,13.35,13.40,-0.05,51
99/04/08,293560,3922520,13.35,13.45,13.35,13.35,-0.05,61
99/04/09,2793198,39436717,13.50,14.25,13.50,14.25,+0.90,749
99/04/12,3406840,46604271,14.35,14.50,13.30,13.30,-0.95,1112
99/04/13,1534330,20837769,13.30,13.80,13.30,13.70,+0.40,512
99/04/14,512330,7019355,13.80,13.90,13.55,13.60,-0.10,202
99/04/15,634999,8613836,13.70,13.85,13.50,13.50,-0.10,224
99/04/16,412160,5594152,13.70,13.80,13.45,13.55,+0.05,132
99/04/19,669240,8919620,13.70,13.70,13.10,13.10,-0.45,154
99/04/20,323120,4295346,13.25,13.55,13.05,13.40,+0.30,85
99/04/21,481663,6523265,13.40,13.65,13.40,13.40,0.00,144
99/04/22,460657,6107672,13.35,13.45,13.20,13.35,-0.05,121
99/04/23,1880201,25643173,13.35,13.70,13.35,13.40,+0.05,292
99/04/26,498481,6679447,13.55,13.55,13.35,13.40,0.00,107
99/04/27,184320,2482320,13.40,13.60,13.40,13.60,+0.20,95
99/04/28,4097692,59095467,13.40,14.55,13.35,14.55,+0.95,961
99/04/29,1821545,26444554,15.00,15.00,13.95,14.00,-0.55,636
99/04/30,1061007,14498745,14.10,14.25,13.50,13.50,-0.50,352
99/05/03,668037,8876743,13.30,13.55,13.20,13.25,-0.25,186
99/05/04,421160,5603511,13.25,13.45,13.20,13.30,+0.05,117
99/05/05,811000,10286550,12.95,13.15,12.40,12.75,-0.55,183
99/05/06,334080,4277624,12.75,13.00,12.65,12.90,+0.15,119
99/05/07,648231,8459880,12.70,13.65,12.30,13.65,+0.75,158
99/05/10,317231,4324280,13.65,13.85,13.35,13.65,0.00,108
99/05/11,338834,4627041,13.75,13.80,13.55,13.70,+0.05,96
99/05/12,219280,2999308,13.70,13.85,13.50,13.70,0.00,77
99/05/13,252560,3480016,13.70,13.95,13.70,13.70,0.00,80
99/05/14,300348,4157585,13.80,13.90,13.75,13.85,+0.15,89
99/05/17,380000,5250350,13.70,13.90,13.60,13.85,0.00,87
99/05/18,170480,2354950,13.85,13.90,13.70,13.85,0.00,64
99/05/19,292001,4070863,13.85,14.15,13.80,13.85,0.00,103
99/05/20,283120,3906294,13.95,13.95,13.60,13.80,-0.05,104
99/05/21,562000,7644950,13.45,13.90,13.15,13.80,0.00,145
99/05/24,101934,1402800,13.80,13.80,13.65,13.70,-0.10,47
99/05/25,191200,2596950,13.70,13.70,13.45,13.60,-0.10,80
99/05/26,149366,2018477,13.60,13.70,13.45,13.45,-0.15,48
99/05/27,176000,2390800,13.50,13.70,13.40,13.70,+0.25,43
99/05/28,181000,2494500,13.80,13.95,13.65,13.65,-0.05,59
99/05/31,152000,2075100,13.60,13.75,13.55,13.55,-0.10,37
99/06/01,82000,1113550,13.55,13.65,13.50,13.65,+0.10,29
99/06/02,327615,4394515,13.50,13.60,13.25,13.50,-0.15,104
99/06/03,162880,2202430,13.50,13.60,13.35,13.60,+0.10,54
99/06/04,95239,1278778,13.55,13.55,13.40,13.40,-0.20,36
99/06/07,152300,1975819,13.05,13.05,12.85,13.00,-0.40,38
99/06/08,58616,765780,13.00,13.35,12.85,13.30,+0.30,33
99/06/09,172000,2238500,13.30,13.40,12.90,13.15,-0.15,66
99/06/10,41000,546150,13.10,13.45,13.10,13.35,+0.20,26
99/06/11,69000,917450,13.30,13.40,13.20,13.20,-0.15,31
99/06/14,78080,1020198,13.20,13.35,13.00,13.20,0.00,33
99/06/15,60000,786550,13.15,13.20,13.00,13.20,0.00,28
99/06/17,125300,1637940,13.20,13.20,13.05,13.20,0.00,31
99/06/18,32000,415100,13.00,13.10,12.90,13.10,-0.10,15
99/06/21,98001,1279563,13.10,13.30,12.90,13.25,+0.15,52
99/06/22,60683,799247,13.10,13.30,13.05,13.25,0.00,34
99/06/23,37002,487826,13.10,13.30,13.10,13.30,+0.05,21
99/06/24,82320,1084524,13.20,13.30,13.15,13.30,0.00,16
99/06/25,62000,817950,13.20,13.30,13.10,13.30,0.00,27
99/06/28,162001,2055563,13.10,13.20,12.40,13.20,-0.10,64
99/06/29,97000,1280650,13.05,13.35,13.00,13.35,+0.15,44
99/06/30,36823,482830,13.05,13.20,13.00,13.20,-0.15,25
99/07/01,32210,422559,13.00,13.20,13.00,13.05,-0.15,17
99/07/02,29120,380860,13.20,13.20,13.05,13.10,+0.05,12
99/07/05,127000,1635050,13.35,13.35,12.70,12.90,-0.20,42
99/07/06,92001,1192512,13.00,13.05,12.85,13.00,+0.10,25
99/07/07,22000,288650,13.20,13.20,13.00,13.05,+0.05,11
99/07/08,51120,666960,13.10,13.10,13.00,13.10,+0.05,28
99/07/09,120346,1549813,13.15,13.30,12.70,13.05,-0.05,43
99/07/12,166040,2126006,12.85,12.95,12.70,12.75,-0.30,47
99/07/13,227000,2851550,12.65,12.70,12.40,12.60,-0.15,67
99/07/14,97002,1222875,12.70,12.70,12.55,12.65,+0.05,34
99/07/15,49081,619412,12.70,12.70,12.55,12.60,-0.05,16
99/07/16,37000,463650,12.50,12.60,12.50,12.50,-0.10,17
99/07/19,39000,493350,12.50,12.80,12.50,12.55,+0.05,17
99/07/20,32000,398450,12.55,12.60,12.40,12.45,-0.10,19
99/07/21,59612,740027,12.60,12.60,12.35,12.35,-0.10,21
99/07/22,127290,1564617,12.40,12.45,12.20,12.35,0.00,45
99/07/23,342040,4371004,12.45,13.00,12.45,12.70,+0.35,107
99/07/26,99000,1264750,12.75,12.90,12.70,12.70,0.00,32
99/07/27,44512,563125,12.75,12.75,12.60,12.60,-0.10,18
99/07/28,32440,408766,12.60,12.60,12.60,12.60,0.00,10
99/07/29,54027,680637,12.70,12.70,12.50,12.65,+0.05,22
99/07/30,24000,303500,12.60,12.70,12.60,12.60,-0.05,13
99/08/02,170400,2143550,12.60,12.85,12.40,12.85,+0.25,61
99/08/03,102160,1302316,12.85,12.85,12.65,12.70,-0.15,28
99/08/04,100000,1271900,12.90,12.90,12.65,12.80,+0.10,31
99/08/05,156000,1981150,12.70,12.80,12.65,12.65,-0.15,42
99/08/06,66080,837954,12.65,12.75,12.60,12.65,0.00,17
99/08/09,80680,1022568,12.50,12.80,12.50,12.70,+0.05,32
99/08/10,105000,1331750,12.70,12.80,12.55,12.65,-0.05,32
99/08/11,55663,705237,12.70,12.75,12.60,12.65,0.00,20
99/08/12,67000,852200,12.70,12.75,12.70,12.75,+0.10,18
99/08/13,172000,2200150,12.75,12.95,12.70,12.75,0.00,43
99/08/16,150000,1897300,12.70,12.70,12.60,12.70,-0.05,29
99/08/17,91459,1164429,12.70,12.80,12.70,12.80,+0.10,24
99/08/18,37160,472165,12.80,12.80,12.65,12.70,-0.10,24
99/08/19,16000,202500,12.65,12.70,12.60,12.65,-0.05,10
99/08/20,36000,452800,12.60,12.65,12.55,12.65,0.00,11
99/08/23,63000,796950,12.60,12.70,12.60,12.65,0.00,17
99/08/24,79631,1004202,12.65,12.70,12.55,12.55,-0.10,24
99/08/25,27632,345336,12.50,12.55,12.45,12.45,-0.10,17
99/08/26,338200,4345800,12.55,13.00,12.55,12.75,+0.30,101
99/08/27,71080,911220,12.90,12.90,12.75,12.80,+0.05,27
99/08/30,177000,2240200,12.90,12.90,12.50,12.70,-0.10,37
99/08/31,279240,3447376,12.35,12.50,12.30,12.45,-0.25,35
99/09/01,17000,212300,12.45,12.65,12.45,12.65,+0.20,6
99/09/02,39000,492100,12.70,12.70,12.45,12.70,+0.05,17
99/09/03,35080,441308,12.50,12.70,12.50,12.70,0.00,15
99/09/06,64000,805100,12.90,12.90,12.50,12.70,0.00,20
99/09/07,28004,348849,12.70,12.70,12.35,12.40,-0.30,15
99/09/08,24000,297800,12.40,12.50,12.40,12.50,+0.10,10
99/09/09,29000,361950,12.50,12.55,12.40,12.50,0.00,8
99/09/10,12020,148996,12.50,12.50,12.35,12.35,-0.15,7
99/09/13,52240,648026,12.35,12.50,12.30,12.45,+0.10,24
99/09/14,27417,339220,12.40,12.45,12.35,12.45,0.00,12
99/09/15,286000,3435750,12.45,12.45,11.80,12.15,-0.30,77
99/09/16,127090,1536397,11.60,12.25,11.60,12.25,+0.10,25
99/09/17,24120,291302,12.25,12.25,12.05,12.15,-0.10,14
99/09/20,20999,253187,12.10,12.15,11.85,12.15,0.00,16
99/09/21,68000,817350,12.15,12.15,11.90,12.15,0.00,29
99/09/23,45080,549010,12.15,12.30,12.10,12.10,-0.05,26
99/09/24,3004,36198,12.00,12.15,12.00,12.15,+0.05,3
99/09/27,25000,302300,12.00,12.20,12.00,12.00,-0.15,14
99/09/28,24200,291080,12.00,12.10,12.00,12.00,0.00,16
99/09/29,31000,373650,12.20,12.20,12.00,12.05,+0.05,18
99/09/30,62280,748260,12.00,12.15,11.90,12.05,0.00,25
99/10/01,109600,1362800,12.10,12.85,12.10,12.25,+0.20,47
99/10/04,156000,1928250,12.30,12.45,12.20,12.20,-0.05,60
99/10/05,55400,665990,12.10,12.20,11.80,12.20,0.00,24
99/10/06,104120,1276776,12.20,12.35,12.15,12.35,+0.15,49
99/10/07,114000,1419900,12.30,12.55,12.30,12.50,+0.15,69
99/10/08,188000,2362350,12.50,12.60,12.50,12.55,+0.05,76
99/10/11,117120,1475188,12.65,12.65,12.50,12.55,0.00,47
99/10/12,223261,2811988,12.65,12.65,12.50,12.60,+0.05,62
99/10/13,60000,753600,12.60,12.60,12.40,12.40,-0.20,21
99/10/14,29000,363050,12.50,12.60,12.40,12.50,+0.10,14
99/10/15,15000,186500,12.50,12.50,12.40,12.40,-0.10,8
99/10/18,137000,1669800,12.30,12.30,12.05,12.20,-0.20,28
99/10/19,19000,229900,12.10,12.10,12.10,12.10,-0.10,8
99/10/20,32000,385250,12.00,12.25,12.00,12.25,+0.15,14
99/10/21,5082,61600,12.10,12.20,12.10,12.20,-0.05,4
99/10/22,0,0,0.00,0.00,0.00,0.00,---,0
99/10/25,13000,154650,11.85,12.00,11.85,11.90,-0.30,8
99/10/26,5000,59450,11.90,11.90,11.85,11.85,-0.05,5
99/10/27,53120,624428,12.00,12.00,11.40,11.95,+0.10,28
99/10/28,36120,432277,12.00,12.00,11.95,12.00,+0.05,14
99/10/29,12508,152946,12.50,12.50,12.05,12.05,+0.05,8
99/11/01,32000,377050,12.05,12.05,11.70,11.70,-0.35,8
99/11/02,57573,662682,11.70,11.70,11.10,11.45,-0.25,24
99/11/03,18030,201133,11.10,11.30,11.10,11.15,-0.30,14
99/11/04,62000,689700,11.00,11.25,11.00,11.25,+0.10,27
99/11/05,41080,458892,11.30,11.30,11.00,11.15,-0.10,21
99/11/08,25000,276650,11.15,11.30,11.00,11.00,-0.15,13
99/11/09,86000,984950,11.00,11.70,11.00,11.35,+0.35,35
99/11/10,41076,472612,11.45,11.75,11.35,11.35,0.00,16
99/11/11,29080,335012,11.15,11.65,11.15,11.50,+0.15,15
99/11/12,25524,295273,11.50,11.60,11.50,11.50,0.00,14
99/11/15,22000,250050,11.35,11.65,11.35,11.40,-0.10,5
99/11/16,9080,103054,11.35,11.35,11.35,11.35,-0.05,7
99/11/17,23000,258800,11.30,11.30,11.25,11.25,-0.10,4
99/11/18,3040,34748,11.50,11.50,11.30,11.30,+0.05,3
99/11/19,45000,514800,11.75,11.75,11.30,11.40,+0.10,19
99/11/22,0,0,0.00,0.00,0.00,0.00,---,0
99/11/23,7000,79850,11.20,11.50,11.20,11.30,-0.10,7
99/11/24,5001,56011,11.20,11.20,11.20,11.20,-0.10,5
99/11/25,43000,484100,11.30,11.50,11.20,11.40,+0.20,17
99/11/26,11002,124272,11.00,11.40,11.00,11.25,-0.15,10
99/11/29,13000,145600,11.20,11.20,11.20,11.20,-0.05,3
99/11/30,43000,481150,11.00,11.20,11.00,11.15,-0.05,13
99/12/01,9200,102670,11.20,11.20,11.15,11.15,0.00,6
99/12/02,10080,112692,11.30,11.30,11.15,11.15,0.00,6
99/12/03,16000,178450,11.15,11.20,11.15,11.20,+0.05,5
99/12/06,11000,122200,11.20,11.20,11.10,11.10,-0.10,5
99/12/07,44000,495200,11.30,11.30,11.20,11.30,+0.20,19
99/12/08,20288,228452,11.40,11.40,11.20,11.35,+0.05,13
99/12/09,12000,136600,11.40,11.40,11.25,11.40,+0.05,7
99/12/10,92401,1024641,11.30,11.30,10.90,11.30,-0.10,20
99/12/13,24628,276383,11.20,11.30,11.20,11.25,-0.05,14
99/12/14,46013,515894,11.25,11.25,11.15,11.20,-0.05,16
99/12/15,280856,3193937,11.25,11.55,11.25,11.25,+0.05,47
99/12/16,96005,1099457,11.45,11.50,11.35,11.50,+0.25,31
99/12/17,74000,852250,11.60,11.60,11.40,11.60,+0.10,21
99/12/20,12000,138550,11.50,11.65,11.50,11.55,-0.05,7
99/12/21,54568,636395,11.60,11.80,11.50,11.70,+0.15,26
99/12/22,28484,330967,11.70,11.75,11.50,11.50,-0.20,17
99/12/23,36281,417803,11.55,11.60,11.50,11.50,0.00,15
99/12/24,190200,2181610,11.50,11.70,11.40,11.40,-0.10,40
99/12/27,164005,1876857,11.45,11.50,11.40,11.45,+0.05,35
99/12/28,8000,90350,11.40,11.40,11.25,11.30,-0.15,6
99/12/29,10624,120337,11.30,11.40,11.30,11.40,+0.10,14
99/12/30,34600,393230,11.40,11.40,11.35,11.35,-0.05,8
99/12/31,62160,709724,11.45,11.45,11.35,11.45,+0.10,27
100/01/03,36080,411754,11.45,11.45,11.35,11.40,-0.05,11
100/01/04,54000,608650,11.35,11.35,11.20,11.20,-0.20,16
100/01/05,28083,316571,11.30,11.35,11.20,11.20,0.00,19
100/01/06,84368,952884,11.35,11.40,11.20,11.20,0.00,25
100/01/07,24474,277827,11.35,11.35,11.35,11.35,+0.15,14
100/01/10,33005,373955,11.35,11.35,11.30,11.30,-0.05,10
100/01/11,20201,227951,11.25,11.35,11.25,11.25,-0.05,10
100/01/12,42551,481471,11.35,11.35,11.25,11.30,+0.05,12
100/01/13,34040,384448,11.30,11.30,11.25,11.25,-0.05,9
100/01/14,41309,464760,11.30,11.30,11.25,11.25,0.00,8
100/01/17,3000,33700,11.20,11.25,11.20,11.25,0.00,3
100/01/18,7000,78750,11.25,11.25,11.25,11.25,0.00,3
100/01/19,21210,237631,11.20,11.25,11.20,11.20,-0.05,10
100/01/20,42524,473866,11.15,11.15,11.10,11.15,-0.05,14
100/01/21,18120,202932,11.20,11.20,11.20,11.20,+0.05,6
100/01/24,58000,649350,11.25,11.25,11.15,11.25,+0.05,10
100/01/25,54440,614327,11.25,11.35,11.25,11.25,0.00,21
100/01/26,8240,92588,11.25,11.25,11.20,11.25,0.00,8
100/01/27,8000,90500,11.20,11.35,11.20,11.35,+0.10,3
100/01/28,182000,2094200,11.30,11.65,11.30,11.55,+0.20,54
100/02/08,515348,6161991,11.80,12.25,11.70,11.95,+0.40,164
100/02/09,103000,1212850,12.05,12.05,11.50,11.55,-0.40,28
100/02/10,100000,1152800,11.40,12.00,11.35,12.00,+0.45,35
100/02/11,82000,956250,11.90,11.90,11.50,11.90,-0.10,29
100/02/14,80080,943936,11.80,11.85,11.75,11.75,-0.15,17
100/02/15,18000,209450,11.60,11.80,11.60,11.80,+0.05,10
100/02/16,22080,257628,11.70,11.80,11.60,11.65,-0.15,11
100/02/17,27400,319600,11.80,11.80,11.50,11.60,-0.05,12
100/02/18,42000,486850,11.50,11.65,11.45,11.60,0.00,21
100/02/21,34671,402033,11.50,11.65,11.50,11.65,+0.05,18
100/02/22,26000,297550,11.45,11.60,11.40,11.60,-0.05,12
100/02/23,30010,344513,11.60,11.60,11.40,11.40,-0.20,16
100/02/24,11001,126561,11.65,11.65,11.45,11.50,+0.10,6
100/02/25,35680,410102,11.50,11.50,11.40,11.50,0.00,12
100/03/01,26000,299450,11.50,11.65,11.50,11.65,+0.15,7
100/03/02,6440,74254,11.50,11.65,11.50,11.65,0.00,5
100/03/03,27240,315584,11.45,11.75,11.45,11.65,0.00,20
100/03/04,20000,230750,11.50,11.60,11.45,11.50,-0.15,10
100/03/07,74000,854300,11.50,11.60,11.45,11.60,+0.10,24
100/03/08,103200,1198120,11.50,11.70,11.50,11.60,0.00,22
100/03/09,41200,477970,11.60,11.65,11.60,11.65,+0.05,10
100/03/10,31000,356250,11.55,11.55,11.45,11.45,-0.20,11
100/03/11,37000,422450,11.45,11.55,11.40,11.55,+0.10,18
100/03/14,146001,1648761,11.00,11.40,11.00,11.40,-0.15,30
100/03/15,248028,2691652,11.40,11.40,10.65,10.90,-0.50,45
100/03/16,27000,289000,10.25,10.85,10.25,10.85,-0.05,9
100/03/17,5000,54200,10.75,11.20,10.75,11.20,+0.35,4
100/03/18,30000,332150,11.00,11.50,10.90,11.50,+0.30,11
100/03/21,29083,330321,12.00,12.00,11.15,11.20,-0.30,12
100/03/22,65881,738167,11.20,11.35,11.20,11.25,+0.05,14
100/03/23,15000,167300,11.35,11.35,11.10,11.10,-0.15,7
100/03/24,50347,564086,11.00,11.35,11.00,11.30,+0.20,16
100/03/25,12000,134400,11.15,11.25,11.15,11.15,-0.15,8
100/03/28,17000,189250,11.15,11.30,11.10,11.30,+0.15,6
100/03/29,17000,190050,11.15,11.25,11.15,11.25,-0.05,3
100/03/30,102000,1136150,11.20,11.20,11.00,11.00,-0.25,17
100/03/31,54000,596300,11.10,11.10,11.00,11.05,+0.05,17
100/04/01,29040,326648,11.00,11.30,11.00,11.30,+0.25,16
100/04/06,74913,835393,11.10,11.20,11.05,11.10,-0.20,14
100/04/07,42600,473500,11.10,11.20,11.10,11.10,0.00,15
100/04/08,12600,139960,11.15,11.15,11.10,11.10,0.00,10
100/04/11,31000,348350,11.20,11.55,11.15,11.20,+0.10,19
100/04/12,30000,332950,11.05,11.20,11.05,11.20,0.00,14
100/04/13,18543,206381,11.20,11.25,11.05,11.25,+0.05,11
100/04/14,18000,199900,11.05,11.25,11.05,11.25,0.00,9
100/04/15,38200,428750,11.25,11.55,11.15,11.55,+0.30,18
100/04/18,29000,331500,11.40,11.60,11.35,11.35,-0.20,19
100/04/19,71040,808506,11.45,11.60,11.30,11.50,+0.15,20
100/04/20,77080,888127,11.70,11.70,11.50,11.70,+0.20,15
100/04/21,43402,508772,11.65,11.80,11.60,11.75,+0.05,22
100/04/22,18000,209600,11.60,11.80,11.55,11.75,0.00,9
100/04/25,108398,1255135,11.90,12.00,11.40,11.80,+0.05,41
100/04/26,15507,181131,11.80,11.80,11.60,11.80,0.00,14
100/04/27,29000,338900,11.65,11.85,11.60,11.80,0.00,13
100/04/28,48000,559550,11.60,11.80,11.60,11.80,0.00,19
100/04/29,37000,435350,11.80,11.80,11.70,11.80,0.00,14
100/05/03,74040,862110,11.80,11.90,11.60,11.60,-0.20,11
100/05/04,21000,243600,11.60,11.70,11.55,11.70,+0.10,9
100/05/05,55549,641518,11.50,11.75,11.50,11.65,-0.05,21
100/05/06,23000,268900,11.65,11.70,11.65,11.65,0.00,7
100/05/09,18076,210480,11.70,11.75,11.55,11.70,+0.05,14
100/05/10,20280,235348,11.60,11.70,11.60,11.70,0.00,9
100/05/11,31000,365000,11.70,11.80,11.70,11.70,0.00,18
100/05/12,110000,1286500,11.70,11.75,11.60,11.70,0.00,38
100/05/13,56080,653478,11.65,11.90,11.45,11.70,0.00,30
100/05/16,77000,892750,11.70,11.80,11.55,11.70,0.00,26
100/05/17,160080,1871036,11.70,12.00,11.55,11.80,+0.10,51
100/05/18,75000,866050,11.65,11.80,11.50,11.70,-0.10,35
100/05/19,32262,382549,11.95,11.95,11.65,11.65,-0.05,21
100/05/20,14080,164128,11.80,11.80,11.60,11.70,+0.05,8
100/05/23,3000,34800,11.60,11.60,11.60,11.60,-0.10,2
100/05/24,63400,732100,11.55,11.65,11.50,11.55,-0.05,16
100/05/25,14041,162771,11.55,11.60,11.55,11.60,+0.05,9
100/05/26,32200,374600,11.65,11.70,11.55,11.60,0.00,16
100/05/27,21960,254840,11.65,11.65,11.60,11.60,0.00,10
100/05/30,489000,5550850,11.65,11.70,11.20,11.45,-0.15,73
100/05/31,284000,3214250,11.35,11.45,11.25,11.30,-0.15,29
100/06/01,61000,691550,11.40,11.40,11.30,11.30,0.00,12
100/06/02,2000,22800,11.40,11.40,11.40,11.40,+0.10,1
100/06/03,26080,297304,11.45,11.45,11.30,11.35,-0.05,9
100/06/07,135428,1540036,11.30,11.45,11.20,11.40,+0.05,36
100/06/08,304280,3513084,11.40,11.65,11.35,11.55,+0.15,65
100/06/09,267041,3123779,11.65,11.80,11.50,11.75,+0.20,63
100/06/10,112163,1321357,11.75,11.85,11.70,11.80,+0.05,54
100/06/13,58160,682022,11.70,11.80,11.70,11.75,-0.05,20
100/06/14,97000,1144700,11.75,11.85,11.75,11.80,+0.05,33
100/06/15,159360,1887934,11.80,12.00,11.75,11.95,+0.15,50
100/06/16,179139,2134554,11.80,12.00,11.80,11.95,0.00,38
100/06/17,124729,1485652,11.95,12.00,11.85,11.90,-0.05,41
100/06/20,34000,399600,11.85,11.85,11.50,11.75,-0.15,16
100/06/21,161201,1863671,11.75,11.75,11.40,11.40,-0.35,28
100/06/22,59000,688300,11.75,11.80,11.60,11.65,+0.25,18
100/06/23,15000,173900,11.50,11.70,11.50,11.70,+0.05,7
100/06/24,112708,1282492,11.50,11.60,11.35,11.60,-0.10,20
100/06/27,153000,1777800,11.50,11.70,11.40,11.65,+0.05,28
100/06/28,5000,58000,11.55,11.70,11.55,11.70,+0.05,3
100/06/29,6000,69700,11.70,11.70,11.55,11.60,-0.10,6
100/06/30,52999,617888,11.75,11.80,11.50,11.60,0.00,24
100/07/01,26200,304720,11.70,11.70,11.55,11.60,0.00,9
100/07/04,13080,151020,11.55,11.60,11.50,11.60,0.00,10
100/07/05,51080,586720,11.50,11.55,11.45,11.55,-0.05,14
100/07/06,16080,186520,11.60,11.60,11.60,11.60,+0.05,5
100/07/07,55120,637730,11.60,11.60,11.55,11.60,0.00,11
100/07/08,42001,487211,11.60,11.60,11.60,11.60,0.00,10
100/07/11,13001,150811,11.60,11.60,11.60,11.60,0.00,7
100/07/12,50080,576412,11.60,11.60,11.45,11.45,-0.15,17
100/07/13,32000,367350,11.50,11.50,11.45,11.50,+0.05,11
100/07/14,101000,1155900,11.45,11.45,11.40,11.40,-0.10,9
100/07/15,12080,138769,11.50,11.55,11.45,11.55,+0.15,10
100/07/18,11440,131110,11.55,11.55,11.40,11.55,0.00,9
100/07/19,27000,308150,11.45,11.55,11.30,11.55,0.00,11
100/07/20,27030,308489,11.45,11.55,11.40,11.40,-0.15,13
100/07/21,2000,22500,11.25,11.25,11.25,11.25,-0.15,2
100/07/22,100076,1124201,11.30,11.30,11.15,11.30,+0.05,42
100/07/25,26646,300899,11.30,11.35,11.25,11.35,+0.05,12
100/07/26,0,0,0.00,0.00,0.00,0.00,---,0
100/07/27,25000,280600,11.25,11.35,11.20,11.30,-0.05,11
100/07/28,11040,125052,11.20,11.40,11.20,11.35,+0.05,7
100/07/29,20201,228751,11.35,11.35,11.30,11.30,-0.05,3
100/08/01,20080,224896,11.20,11.20,11.20,11.20,-0.10,10
100/08/02,22000,246100,11.25,11.25,11.10,11.20,0.00,11
100/08/03,12000,134800,11.10,11.30,11.10,11.30,+0.10,5
100/08/04,45120,503232,11.15,11.30,11.15,11.15,-0.15,7
100/08/05,128067,1404597,10.50,11.30,10.50,11.05,-0.10,46
100/08/08,170200,1897010,11.30,11.30,10.90,10.90,-0.15,65
100/08/09,148000,1590250,10.30,10.95,10.30,10.95,+0.05,47
100/08/10,58001,647511,11.00,11.50,11.00,11.20,+0.25,25
100/08/11,14001,153511,10.95,11.15,10.90,11.15,-0.05,6
100/08/12,10040,110293,10.95,11.30,10.85,11.15,0.00,8
100/08/15,20080,219284,10.95,11.10,10.75,11.05,-0.10,13
100/08/16,113007,1240228,11.05,11.15,10.90,11.15,+0.10,27
100/08/17,45080,494075,10.95,11.00,10.90,10.95,-0.20,10
100/08/18,33000,359450,10.95,11.00,10.80,11.00,+0.05,10
100/08/19,59000,659150,11.40,11.40,10.80,11.15,+0.15,26
100/08/22,67000,738300,10.90,11.15,10.85,11.00,-0.15,19
100/08/23,64200,703460,10.95,11.10,10.90,10.90,-0.10,9
100/08/24,54000,582350,10.80,10.95,10.70,10.90,0.00,21
100/08/25,8000,86500,10.80,10.90,10.80,10.90,0.00,4
100/08/26,0,0,0.00,0.00,0.00,0.00,---,0
100/08/29,17000,184800,10.90,10.95,10.80,10.80,-0.10,7
100/08/30,24000,261300,10.95,10.95,10.85,10.90,+0.10,10
100/08/31,18000,194400,10.80,10.80,10.80,10.80,-0.10,8
100/09/01,251041,2708188,10.80,10.90,10.75,10.80,0.00,31
100/09/02,233000,2509650,10.50,10.90,10.50,10.75,-0.05,24
100/09/05,8001,85160,10.80,10.80,10.50,10.75,0.00,5
100/09/06,19042,196378,10.60,10.60,10.10,10.10,-0.65,8
100/09/07,11042,113978,10.55,10.55,10.15,10.30,+0.20,5
100/09/08,18042,185862,10.50,10.50,10.25,10.40,+0.10,5
100/09/09,2000,20950,10.55,10.55,10.40,10.40,0.00,2
100/09/13,4040,41694,10.50,10.50,10.25,10.25,-0.15,3
100/09/14,92040,935038,10.55,10.55,10.05,10.20,-0.05,15
100/09/15,62000,632350,10.20,10.20,10.15,10.15,-0.05,8
100/09/16,7200,73340,10.15,10.25,10.15,10.25,+0.10,6
100/09/19,9000,92750,10.30,10.35,10.30,10.35,+0.10,5
100/09/20,19000,197350,10.15,10.45,10.15,10.30,-0.05,15
100/09/21,44000,449050,10.30,10.30,10.15,10.30,0.00,18
100/09/22,33100,335719,10.15,10.15,10.10,10.15,-0.15,8
100/09/23,47100,474800,10.30,10.30,9.96,10.15,0.00,10
100/09/26,45100,448412,9.96,10.10,9.89,9.89,-0.26,14
100/09/27,73014,729690,10.05,10.05,9.90,9.96,+0.07,16
100/09/28,95040,959935,9.99,10.45,9.98,10.40,+0.44,52
100/09/29,71000,689170,9.80,9.99,9.50,9.99,,43
100/09/30,6100,60052,9.99,9.99,9.80,9.80,-0.19,7
100/10/03,19000,183670,9.70,9.71,9.53,9.53,-0.27,5
100/10/04,11100,106240,9.53,9.95,9.53,9.95,+0.42,3
100/10/05,18836,187352,9.98,9.99,9.80,9.90,-0.05,14
100/10/06,46080,457772,10.00,10.00,9.90,9.98,+0.08,10
100/10/07,66100,657520,10.00,10.00,9.81,9.90,-0.08,27
100/10/11,14585,144721,9.99,9.99,9.90,9.98,+0.08,12
100/10/12,49001,482629,9.80,10.00,9.80,9.98,0.00,14
100/10/13,19000,187970,9.98,9.98,9.87,9.98,0.00,4
100/10/14,37000,365930,9.90,9.90,9.87,9.87,-0.11,15
100/10/17,23000,226700,9.50,10.10,9.50,9.81,-0.06,8
100/10/18,50000,483870,9.66,9.93,9.60,9.60,-0.21,14
100/10/19,116040,1116422,9.62,9.95,9.60,9.89,+0.29,19
100/10/20,27000,260340,9.70,9.88,9.60,9.86,-0.03,5
100/10/21,43000,412970,9.60,9.98,9.55,9.84,-0.02,9
100/10/24,95760,934947,9.87,9.98,9.70,9.76,-0.08,14
100/10/25,32079,327740,9.90,10.40,9.90,10.10,+0.34,24
100/10/26,96000,953300,10.10,10.10,9.90,9.90,-0.20,16
100/10/27,19040,188366,9.92,9.99,9.87,9.90,0.00,11
100/10/28,73385,740061,10.25,10.25,9.95,10.00,+0.10,28
100/10/31,81100,824770,10.20,10.30,10.10,10.15,+0.15,27
100/11/01,33000,332500,10.15,10.15,10.00,10.15,0.00,15
100/11/02,22000,220500,10.00,10.10,10.00,10.00,-0.15,5
100/11/03,85040,851800,10.00,10.10,10.00,10.00,0.00,13
100/11/04,29000,295000,10.15,10.20,10.15,10.15,+0.15,14
100/11/07,47066,478876,10.20,10.25,10.10,10.25,+0.10,23
100/11/08,20000,203250,10.25,10.25,10.10,10.10,-0.15,4
100/11/09,29280,295900,10.20,10.20,10.10,10.10,0.00,10
100/11/10,31185,310813,10.00,10.05,9.90,9.90,-0.20,15
100/11/11,10080,100662,10.05,10.05,9.98,9.98,+0.08,6
100/11/14,44000,439510,10.00,10.15,9.98,9.98,0.00,10
100/11/15,1000,10050,10.05,10.05,10.05,10.05,+0.07,1
100/11/16,102000,1016000,10.00,10.00,9.96,9.96,-0.09,6
100/11/17,17800,175650,9.81,9.99,9.81,9.99,+0.03,9
100/11/18,17280,170028,9.85,9.85,9.83,9.83,-0.16,11
100/11/21,102120,973244,9.85,9.85,9.35,9.37,-0.46,20
100/11/22,72283,678101,9.79,9.79,9.30,9.40,+0.03,18
100/11/23,132615,1232447,9.40,9.40,8.90,9.29,-0.11,16
100/11/24,10648,99326,8.93,9.39,8.93,9.39,+0.10,12
100/11/25,27240,258976,9.40,9.95,9.40,9.95,+0.56,6
100/11/28,216241,2093623,9.95,9.96,9.38,9.79,-0.16,41
100/11/29,83830,807217,9.68,9.77,9.54,9.67,-0.12,14
100/11/30,139060,1312288,9.45,9.68,9.36,9.38,-0.29,25
100/12/01,172643,1622543,9.51,9.55,9.26,9.48,+0.10,46
100/12/02,2832,26630,9.35,9.46,9.35,9.46,-0.02,3
100/12/05,41260,384768,9.27,9.45,9.27,9.30,-0.16,9
100/12/06,2280,21392,9.30,9.46,9.30,9.46,+0.16,3
100/12/07,25000,232740,9.20,9.59,9.06,9.59,+0.13,14
100/12/08,124000,1179600,9.09,9.54,9.09,9.53,-0.06,10
100/12/09,43000,409270,9.50,9.59,9.49,9.59,+0.06,13
100/12/12,136041,1301329,9.50,9.65,9.50,9.60,+0.01,26
100/12/13,6041,57559,9.50,9.58,9.50,9.51,-0.09,5
100/12/14,31000,294870,9.45,9.57,9.45,9.50,-0.01,7
100/12/15,15406,146155,9.45,9.58,9.45,9.45,-0.05,13
100/12/16,61000,578560,9.50,9.95,9.43,9.45,0.00,9
100/12/19,14080,130991,9.28,9.44,9.28,9.44,-0.01,7
100/12/20,33952,316092,9.26,9.43,9.26,9.42,-0.02,13
100/12/21,97000,925560,9.42,9.89,9.42,9.52,+0.10,19
100/12/22,86000,817960,9.50,9.79,9.50,9.55,+0.03,17
100/12/23,33007,313873,9.63,9.63,9.50,9.57,+0.02,12
100/12/26,49000,465380,9.50,9.63,9.47,9.47,-0.10,12
100/12/27,28500,271505,9.47,9.55,9.47,9.49,+0.02,9
100/12/28,6999,66608,9.45,9.73,9.45,9.73,+0.24,6
100/12/29,107177,1019271,9.50,9.68,9.50,9.50,-0.23,18
100/12/30,16000,151200,9.45,9.55,9.40,9.55,+0.05,5
101/01/02,127000,1227770,9.53,9.70,9.50,9.55,0.00,16
101/01/03,23416,228397,9.69,9.80,9.69,9.78,+0.23,13
101/01/04,14000,136200,9.70,9.89,9.61,9.88,+0.10,7
101/01/05,77999,775690,9.88,10.25,9.60,9.85,-0.03,39
101/01/06,96600,983700,9.85,10.40,9.85,10.10,+0.25,36
101/01/09,85001,864410,10.05,10.35,10.00,10.10,0.00,20
101/01/10,100900,1019189,10.15,10.15,10.05,10.15,+0.05,20
101/01/11,57000,576200,10.20,10.20,10.10,10.10,-0.05,12
101/01/12,67570,685250,10.20,10.20,10.10,10.10,0.00,15
101/01/13,60950,613953,10.25,10.25,10.00,10.00,-0.10,31
101/01/16,12163,121213,9.75,10.50,9.75,10.00,0.00,10
101/01/17,33038,331883,9.90,10.20,9.90,10.15,+0.15,14
101/01/18,43920,448734,10.20,10.40,10.05,10.30,+0.15,20
101/01/30,19040,194958,10.20,10.35,10.20,10.30,0.00,10
101/01/31,29081,297372,10.30,10.40,10.20,10.35,+0.05,10
101/02/01,51999,549388,10.40,10.75,10.40,10.60,+0.25,27
101/02/02,37829,407952,10.60,11.00,10.60,11.00,+0.40,18
101/02/03,43163,474160,10.60,11.45,10.60,11.00,0.00,20
101/02/04,66563,734686,10.95,11.15,10.85,11.10,+0.10,28
101/02/06,101332,1122935,11.05,11.20,11.00,11.00,-0.10,29
101/02/07,93083,1023796,11.00,11.15,10.90,11.00,0.00,25
101/02/08,44814,498104,11.05,11.25,11.00,11.25,+0.25,18
101/02/09,32000,355850,11.10,11.15,11.10,11.15,-0.10,19
101/02/10,56800,632820,11.05,11.15,11.05,11.15,0.00,13
101/02/13,82435,925078,11.10,11.35,11.10,11.30,+0.15,24
101/02/14,23202,260311,11.30,11.30,11.20,11.20,-0.10,10
101/02/15,90080,1027254,11.30,11.50,11.25,11.50,+0.30,30
101/02/16,71040,820601,11.40,11.65,11.40,11.55,+0.05,30
101/02/17,81243,937245,11.65,11.65,11.50,11.50,-0.05,28
101/02/20,29164,335502,11.65,11.65,11.50,11.50,0.00,14
101/02/21,33080,379160,11.60,11.60,11.40,11.40,-0.10,19
101/02/22,53312,612032,11.50,11.55,11.40,11.50,+0.10,17
101/02/23,22124,254151,11.45,11.60,11.45,11.50,0.00,8
101/02/24,70083,811250,11.50,11.65,11.50,11.65,+0.15,14
101/02/29,56789,662089,11.65,11.75,11.60,11.75,+0.10,29
101/03/01,14579,170294,11.65,11.75,11.65,11.75,0.00,11
101/03/02,28100,326100,11.70,11.70,11.50,11.65,-0.10,12
101/03/03,49086,576138,11.70,11.80,11.70,11.70,+0.05,22
101/03/05,30000,350850,11.70,11.75,11.60,11.60,-0.10,6
101/03/06,117206,1359818,11.70,11.70,11.55,11.60,0.00,33
101/03/07,50905,590275,11.60,11.65,11.55,11.55,-0.05,22
101/03/08,54797,637264,11.60,11.70,11.60,11.70,+0.15,22
101/03/09,119748,1409699,11.75,11.85,11.75,11.80,+0.10,38
101/03/12,56102,663001,11.85,11.85,11.75,11.85,+0.05,15
101/03/13,35308,418184,11.90,11.90,11.80,11.80,-0.05,14
101/03/14,107800,1277828,11.85,11.95,11.80,11.80,0.00,30
101/03/15,51640,609919,11.80,11.85,11.80,11.80,0.00,14
101/03/16,105700,1243669,11.75,11.80,11.70,11.70,-0.10,34
101/03/19,84121,1000614,11.80,11.95,11.80,11.95,+0.25,36
101/03/20,368871,4496825,12.05,12.45,12.00,12.30,+0.35,102
101/03/21,293519,3770187,12.30,13.15,12.30,12.95,+0.65,142
101/03/22,160472,2083434,12.95,13.15,12.90,12.90,-0.05,74
101/03/23,416735,5495636,12.90,13.50,12.85,13.35,+0.45,145
101/03/26,282247,3765721,13.40,13.40,13.25,13.35,0.00,100
101/03/27,353307,4752098,13.35,13.55,13.30,13.45,+0.10,101
101/03/28,161307,2161751,13.45,13.45,13.30,13.40,-0.05,53
101/03/29,194808,2536442,13.35,13.35,12.65,13.00,-0.40,65
101/03/30,1897341,26365534,13.90,13.90,13.75,13.90,+0.90,369
101/04/02,1966586,28717206,14.85,14.85,14.20,14.20,+0.30,679
101/04/03,683722,9525064,14.20,14.35,13.45,13.60,-0.60,291
101/04/05,540062,6923852,13.10,13.10,12.65,12.85,-0.75,174
101/04/06,445368,5940411,12.80,13.60,12.80,13.30,+0.45,155
101/04/09,135104,1771512,13.00,13.40,12.95,13.10,-0.20,59
101/04/10,148351,1952045,13.20,13.25,13.05,13.10,0.00,65
101/04/11,113000,1456850,12.95,13.00,12.80,13.00,-0.10,45
101/04/12,142379,1852358,13.20,13.30,12.95,13.00,0.00,43
101/04/13,137180,1817717,13.30,13.35,13.15,13.15,+0.15,47
101/04/16,88110,1156458,13.05,13.30,13.05,13.10,-0.05,28
101/04/17,77000,1004800,13.00,13.30,12.95,13.10,0.00,29
101/04/18,152000,1965800,13.10,13.10,12.80,12.90,-0.20,46
101/04/19,148000,1901150,12.80,13.05,12.70,12.80,-0.10,43
101/04/20,164220,2078848,12.80,12.80,12.60,12.60,-0.20,53
101/04/23,151100,1844159,12.30,12.50,12.05,12.05,-0.55,55
101/04/24,272000,3275100,11.95,12.25,11.95,12.10,+0.05,50
101/04/25,63000,775150,12.10,12.45,12.10,12.20,+0.10,25
101/04/26,98101,1187100,12.10,12.20,12.00,12.00,-0.20,32
101/04/27,57400,685860,12.00,12.05,11.85,12.05,+0.05,19
101/04/30,57096,675987,11.75,11.95,11.75,11.80,-0.25,26
101/05/02,85050,1012795,11.80,12.00,11.80,12.00,+0.20,35
101/05/03,6086,72123,11.80,11.95,11.80,11.95,-0.05,5
101/05/04,43040,513176,11.85,12.00,11.85,12.00,+0.05,23
101/05/07,38000,452550,11.85,12.00,11.80,11.80,-0.20,20
101/05/08,8917,106254,11.95,11.95,11.90,11.90,+0.10,6
101/05/09,36000,428500,11.90,11.95,11.90,11.95,+0.05,6
101/05/10,29000,344700,12.00,12.00,11.70,11.90,-0.05,18
101/05/11,43099,502988,11.85,11.90,11.55,11.80,-0.10,23
101/05/14,61126,708823,11.65,11.80,11.50,11.70,-0.10,29
101/05/15,19001,221611,11.40,11.75,11.40,11.70,0.00,12
101/05/16,16000,185250,11.45,11.75,11.45,11.65,-0.05,12
101/05/17,64000,743350,11.80,11.90,11.45,11.60,-0.05,20
101/05/18,35000,397250,11.40,11.60,11.20,11.50,-0.10,21
101/05/21,99408,1113928,11.40,11.40,10.90,11.30,-0.20,31
101/05/22,84040,949496,11.20,11.35,11.20,11.35,+0.05,44
101/05/23,39001,434961,11.20,11.30,11.10,11.10,-0.25,20
101/05/24,109400,1210220,11.20,11.25,10.95,11.00,-0.10,44
101/05/25,42000,459200,11.00,11.00,10.90,11.00,0.00,20
101/05/28,9006,99016,11.00,11.05,10.90,10.90,-0.10,13
101/05/29,57335,643468,10.90,11.40,10.90,11.30,+0.40,29
101/05/30,19000,213650,11.30,11.55,11.15,11.30,0.00,13
101/05/31,17000,192700,11.30,11.40,11.30,11.40,+0.10,7
101/06/01,15000,167050,11.20,11.25,11.00,11.05,-0.35,8
101/06/04,23163,252209,11.00,11.00,10.80,11.00,-0.05,14
101/06/05,7000,76900,11.15,11.15,10.90,10.90,-0.10,6
101/06/06,10000,110700,11.05,11.10,11.05,11.10,+0.20,6
101/06/07,69120,778581,11.10,11.30,11.10,11.30,+0.20,29
101/06/08,90000,1024500,11.30,11.45,11.30,11.45,+0.15,26
101/06/11,88244,1009757,11.40,11.50,11.40,11.40,-0.05,35
101/06/12,39000,448700,11.45,11.55,11.45,11.55,+0.15,12
101/06/13,87033,1037592,11.60,12.00,11.60,12.00,+0.45,34
101/06/14,85000,1025500,12.00,12.10,12.00,12.10,+0.10,31
101/06/15,84000,1027300,12.25,12.25,12.05,12.25,+0.15,26
101/06/18,73084,897815,12.30,12.35,12.20,12.30,+0.05,29
101/06/19,88163,1074338,12.30,12.35,12.15,12.15,-0.15,24
101/06/20,37880,461010,12.10,12.25,12.00,12.20,+0.05,26
101/06/21,55000,674050,12.50,12.50,12.20,12.20,0.00,23
101/06/22,202164,2548941,12.00,12.80,12.00,12.65,+0.45,78
101/06/25,33316,420564,12.55,12.80,12.40,12.75,+0.10,21
101/06/26,15085,189112,12.55,12.75,12.40,12.75,0.00,13
101/06/27,27002,339374,12.75,12.75,12.45,12.70,-0.05,16
101/06/28,70104,884438,12.70,12.75,12.50,12.50,-0.20,36
101/06/29,58223,739607,12.50,13.00,12.50,12.70,+0.20,31
101/07/02,34000,424900,12.70,12.70,12.40,12.70,0.00,22
101/07/03,15041,189808,12.60,12.70,12.55,12.70,0.00,12
101/07/04,5002,63324,12.70,12.70,12.50,12.50,-0.20,7
101/07/05,24003,294336,11.80,12.65,11.80,12.50,0.00,15
101/07/06,10084,125787,12.25,12.60,12.25,12.50,0.00,10
101/07/09,6098,74210,12.10,12.30,12.10,12.30,-0.20,6
101/07/10,3100,37900,12.35,12.35,12.10,12.10,-0.20,4
101/07/11,19001,231762,12.20,12.20,12.15,12.20,+0.10,6
101/07/12,20400,248159,12.20,12.20,12.15,12.15,-0.05,7
101/07/13,10000,121600,12.10,12.30,12.10,12.15,0.00,4
101/07/16,0,0,---,---,---,---,---,0
101/07/17,2001,23912,11.80,12.10,11.80,12.10,-0.05,3
101/07/18,2756,33272,12.00,12.20,12.00,12.20,+0.10,5
101/07/19,7152,86874,11.95,12.20,11.95,12.20,0.00,5
101/07/20,2320,28340,12.25,12.25,12.25,12.25,+0.05,2
101/07/23,2100,25824,12.30,12.30,12.30,12.30,+0.05,4
101/07/24,3000,36050,11.90,12.25,11.90,12.25,-0.05,2
101/07/25,13000,157750,12.00,12.20,12.00,12.20,-0.05,8
101/07/26,2000,24400,12.20,12.20,12.20,12.20,0.00,1
101/07/27,58000,706650,12.15,12.40,12.15,12.30,+0.10,23
101/07/30,8002,98824,12.40,12.40,12.30,12.30,0.00,6
101/07/31,17326,211929,12.40,12.40,12.10,12.10,-0.20,8
101/08/01,1083,13354,12.35,12.35,12.35,12.35,+0.25,2
101/08/03,21001,254512,12.40,12.40,12.05,12.15,-0.20,10
101/08/06,19000,230850,12.15,12.15,12.15,12.15,0.00,1
101/08/07,6083,73708,12.15,12.15,12.10,12.10,-0.05,4
101/08/08,4327,52440,12.25,12.25,12.10,12.10,0.00,5
101/08/09,19000,230850,12.00,12.25,12.00,12.15,+0.05,8
101/08/10,27408,331405,12.10,12.15,12.05,12.15,0.00,8
101/08/13,10000,121000,12.10,12.10,12.10,12.10,-0.05,5
101/08/14,12485,151270,12.05,12.20,12.05,12.20,+0.10,7
101/08/15,28040,338984,12.15,12.15,12.05,12.05,-0.15,7
101/08/16,42080,509202,12.10,12.15,12.05,12.10,+0.05,12
101/08/17,69080,834614,12.05,12.20,12.00,12.00,-0.10,16
101/08/20,16000,192150,12.15,12.15,12.00,12.00,0.00,5
101/08/21,14000,170400,12.15,12.20,12.10,12.20,+0.20,8
101/08/22,14000,169700,12.20,12.20,12.10,12.10,-0.10,4
101/08/23,17140,207393,12.20,12.20,12.05,12.10,0.00,8
101/08/24,1627431,20988057,12.90,12.90,12.75,12.90,+0.80,355
101/08/27,1851225,24598625,13.35,13.50,12.95,13.05,+0.15,653
101/08/28,647028,8272552,13.05,13.15,12.50,12.50,-0.55,230
101/08/29,285999,3622186,12.60,12.85,12.55,12.60,+0.10,143
101/08/30,243200,3066819,12.60,12.75,12.50,12.50,-0.10,106
101/08/31,186000,2358950,12.55,12.75,12.55,12.65,+0.15,91
101/09/03,534500,6829950,12.70,12.95,12.65,12.75,+0.10,181
101/09/04,345955,4449925,12.80,12.95,12.80,12.80,+0.05,127
101/09/05,192600,2464659,12.80,12.85,12.75,12.80,0.00,72
101/09/06,698239,9046329,12.80,13.20,12.75,13.20,+0.40,233
101/09/07,664400,8863839,13.40,13.60,13.05,13.20,0.00,211
101/09/10,420400,5525939,13.20,13.30,13.05,13.15,-0.05,124
101/09/11,328100,4277100,13.15,13.20,12.95,13.00,-0.15,85
101/09/12,402860,5242736,13.05,13.10,13.00,13.00,0.00,90
101/09/13,267628,3486364,13.00,13.10,13.00,13.00,0.00,78
101/09/14,521225,6718540,13.05,13.10,12.75,12.80,-0.20,173
101/09/17,700460,8998785,12.85,12.95,12.75,12.75,-0.05,230
101/09/18,448455,5392082,11.85,12.25,11.85,12.00,,149
101/09/19,222163,2638839,12.00,12.00,11.85,11.85,-0.15,79
101/09/20,222100,2599370,11.85,11.85,11.65,11.65,-0.20,101
101/09/21,122600,1436140,11.65,11.80,11.65,11.65,0.00,58
101/09/24,58001,681411,11.75,11.80,11.70,11.75,+0.10,32
101/09/25,101161,1186859,11.80,11.80,11.65,11.65,-0.10,44
101/09/26,33221,389185,11.65,11.80,11.65,11.70,+0.05,18
101/09/27,87183,1022350,11.60,11.85,11.60,11.70,0.00,37
101/09/28,101950,1184466,11.70,11.70,11.60,11.60,-0.10,44
101/10/01,62020,717981,11.60,11.65,11.55,11.65,+0.05,31
101/10/02,120724,1427507,11.75,11.95,11.65,11.85,+0.20,68
101/10/03,56090,663543,11.95,11.95,11.75,11.80,-0.05,28
101/10/04,27000,315200,11.80,11.80,11.65,11.65,-0.15,15
101/10/05,46124,539694,11.75,11.75,11.65,11.75,+0.10,24
101/10/08,93640,1090310,11.65,11.80,11.55,11.70,-0.05,37
101/10/09,107571,1248159,11.65,11.70,11.50,11.65,-0.05,36
101/10/11,94000,1076550,11.50,11.50,11.40,11.40,-0.25,30
101/10/12,88100,1001190,11.50,11.50,11.35,11.35,-0.05,31
101/10/15,16003,182583,11.40,11.45,11.35,11.35,0.00,12
101/10/16,57280,648485,11.35,11.40,11.25,11.30,-0.05,27
101/10/17,28220,319586,11.45,11.45,11.30,11.30,0.00,14
101/10/18,33249,378888,11.35,11.45,11.35,11.35,+0.05,17
101/10/19,110160,1245858,11.35,11.40,11.25,11.25,-0.10,38
101/10/22,53220,596164,11.25,11.25,11.20,11.20,-0.05,22
101/10/23,33999,380438,11.20,11.35,11.15,11.15,-0.05,19
101/10/24,45001,501511,11.10,11.20,11.10,11.20,+0.05,19
101/10/25,145100,1630570,11.25,11.30,11.20,11.20,0.00,42
101/10/26,217103,2392033,11.20,11.20,10.80,10.80,-0.40,69
101/10/29,87077,953135,11.05,11.05,10.80,10.90,+0.10,26
101/10/30,125188,1458435,11.65,11.65,11.65,11.65,+0.75,49
101/10/31,853810,10443970,12.45,12.45,11.85,12.05,+0.40,369
101/11/01,308503,3673723,12.00,12.10,11.80,11.95,-0.10,109
101/11/02,197395,2372438,12.00,12.10,11.95,11.95,0.00,95
101/11/05,111554,1336088,11.95,12.10,11.85,11.90,-0.05,49
101/11/06,112544,1342567,11.95,12.00,11.90,11.95,+0.05,57
101/11/07,59002,702220,11.95,11.95,11.85,11.85,-0.10,40
101/11/08,59784,713586,11.85,12.00,11.80,11.95,+0.10,31
101/11/09,134701,1614976,11.85,12.10,11.85,11.90,-0.05,43
101/11/12,89919,1075990,12.00,12.00,11.90,11.90,0.00,32
101/11/13,126163,1502613,11.95,11.95,11.85,11.95,+0.05,53
101/11/14,141633,1685550,12.00,12.00,11.85,11.90,-0.05,42
101/11/15,9579,113659,11.80,11.90,11.80,11.90,0.00,13
101/11/16,79000,935500,11.90,11.90,11.80,11.90,0.00,31
101/11/19,62499,737862,11.90,11.90,11.75,11.75,-0.15,28
101/11/20,280600,3317566,11.80,12.00,11.70,11.75,0.00,119
101/11/21,177179,2076744,11.80,11.85,11.65,11.70,-0.05,45
101/11/22,78378,918053,11.80,11.80,11.65,11.70,0.00,33
101/11/23,56080,663343,11.80,11.85,11.80,11.85,+0.15,38
101/11/26,131409,1564583,11.90,11.95,11.80,11.95,+0.10,72
101/11/27,100932,1207888,11.95,12.00,11.90,11.90,-0.05,60
101/11/28,75610,903520,11.90,12.00,11.90,11.95,+0.05,46
101/11/29,87039,1039010,12.00,12.00,11.85,12.00,+0.05,35
101/11/30,616718,7636895,12.00,12.80,11.95,12.50,+0.50,224
101/12/03,102560,1271931,12.50,12.50,12.30,12.40,-0.10,48
101/12/04,223448,2792318,12.40,12.65,12.40,12.65,+0.25,62
101/12/05,167052,2094291,12.65,12.65,12.45,12.50,-0.15,86
101/12/06,96522,1203746,12.45,12.60,12.35,12.50,0.00,59
101/12/07,43627,542223,12.50,12.55,12.35,12.35,-0.15,25
101/12/10,47133,584092,12.35,12.45,12.35,12.45,+0.10,27
101/12/11,135282,1676589,12.65,12.65,12.25,12.25,-0.20,43
101/12/12,33509,410732,12.30,12.35,12.20,12.25,0.00,18
101/12/13,61740,757941,12.20,12.35,12.20,12.35,+0.10,30
101/12/14,65867,809406,12.30,12.30,12.25,12.30,-0.05,24
101/12/17,68224,836108,12.20,12.35,12.20,12.20,-0.10,22
101/12/18,113151,1387734,12.20,12.35,12.20,12.20,0.00,55
101/12/19,130560,1611150,12.40,12.45,12.25,12.35,+0.15,64
101/12/20,186079,2278113,12.35,12.40,12.20,12.35,0.00,51
101/12/21,55407,680544,12.40,12.40,12.20,12.30,-0.05,25
101/12/22,49902,610857,12.30,12.30,12.20,12.20,-0.10,25
101/12/24,82000,1007050,12.30,12.35,12.20,12.20,0.00,25
101/12/25,364701,4411930,12.10,12.15,12.05,12.10,-0.10,95
101/12/26,75030,909906,12.15,12.20,12.10,12.15,+0.05,40
101/12/27,90900,1099703,12.15,12.15,12.05,12.05,-0.10,32
101/12/28,98703,1196036,12.10,12.15,12.05,12.10,+0.05,30
102/01/02,163820,1993920,12.15,12.20,12.10,12.20,+0.10,44
102/01/03,151763,1862856,12.30,12.35,12.20,12.25,+0.05,58
102/01/04,138000,1684750,12.25,12.35,12.15,12.15,-0.10,71
102/01/07,95999,1172634,12.10,12.30,12.10,12.25,+0.10,37
102/01/08,90200,1103400,12.25,12.25,12.20,12.20,-0.05,23
102/01/09,91760,1118646,12.15,12.25,12.15,12.25,+0.05,30
102/01/10,446826,5506167,12.25,12.50,12.25,12.30,+0.05,103
102/01/11,94718,1164672,12.30,12.35,12.25,12.30,0.00,36
102/01/14,58540,719008,12.40,12.40,12.20,12.30,0.00,27
102/01/15,149070,1832202,12.30,12.35,12.25,12.30,0.00,28
102/01/16,47238,577790,12.25,12.30,12.20,12.20,-0.10,22
102/01/17,515599,6294427,12.25,12.30,12.10,12.20,0.00,94
102/01/18,41504,505871,12.25,12.25,12.15,12.20,0.00,21
102/01/21,308158,3818258,12.30,12.45,12.25,12.45,+0.25,131
102/01/22,764211,9739266,12.50,12.90,12.50,12.75,+0.30,246
102/01/23,722804,9266476,12.80,12.95,12.60,12.95,+0.20,224
102/01/24,335098,4334053,12.95,13.00,12.85,12.85,-0.10,133
102/01/25,108515,1394287,12.80,12.90,12.80,12.80,-0.05,62
102/01/28,552811,7381361,12.85,13.65,12.85,13.20,+0.40,245
102/01/29,166100,2178493,13.10,13.25,13.00,13.00,-0.20,78
102/01/30,130244,1692347,13.20,13.20,12.90,13.05,+0.05,52
102/01/31,188770,2452568,13.10,13.10,12.90,13.00,-0.05,67
102/02/01,273480,3617690,13.00,13.35,13.00,13.10,+0.10,76
102/02/04,242999,3197531,13.15,13.30,13.00,13.25,+0.15,72
102/02/05,115260,1512951,13.15,13.20,13.00,13.20,-0.05,49
102/02/06,237079,3079219,13.15,13.20,12.85,13.00,-0.20,87
102/02/18,109300,1428283,13.10,13.10,13.05,13.05,+0.05,37
102/02/19,117815,1528040,13.00,13.10,12.85,12.85,-0.20,41
102/02/20,119424,1541169,12.90,13.00,12.80,13.00,+0.15,46
102/02/21,86124,1111386,13.00,13.00,12.90,12.90,-0.10,29
102/02/22,149567,1912804,12.85,12.90,12.65,12.85,-0.05,49
102/02/23,85315,1104081,12.80,13.10,12.80,12.90,+0.05,39
102/02/25,60000,776300,12.95,12.95,12.90,12.95,+0.05,23
102/02/26,261000,3382550,12.75,13.05,12.75,13.05,+0.10,41
102/02/27,87652,1137677,13.00,13.00,12.95,13.00,-0.05,29
102/03/01,143000,1860248,13.00,13.05,12.95,13.00,0.00,46
102/03/04,70456,914378,13.00,13.00,12.95,12.95,-0.05,25
102/03/05,52611,682411,13.05,13.05,12.95,13.00,+0.05,26
102/03/06,100010,1307330,13.00,13.20,13.00,13.00,0.00,25
102/03/07,71291,928041,13.10,13.10,13.00,13.00,0.00,33
102/03/08,89634,1173961,13.10,13.20,13.00,13.15,+0.15,49
102/03/11,67422,885486,13.10,13.20,13.10,13.20,+0.05,27
102/03/12,42641,560383,13.15,13.20,13.10,13.15,-0.05,26
102/03/13,94460,1248675,13.20,13.30,13.20,13.25,+0.10,44
102/03/14,68399,900987,13.30,13.30,13.10,13.10,-0.15,28
102/03/15,95000,1247150,13.20,13.20,13.10,13.10,0.00,31
102/03/18,38002,497626,13.15,13.15,13.05,13.15,+0.05,21
102/03/19,243027,3278509,13.25,13.65,13.25,13.55,+0.40,97
102/03/20,260377,3571524,13.65,13.80,13.60,13.65,+0.10,120
102/03/21,193364,2634797,13.80,13.80,13.45,13.75,+0.10,68
102/03/22,251006,3480680,13.70,14.10,13.65,14.10,+0.35,79
102/03/25,399436,5688904,14.15,14.40,14.10,14.10,0.00,143
102/03/26,203299,2824308,14.20,14.30,13.60,13.85,-0.25,78
102/03/27,149806,2069090,13.85,13.90,13.70,13.80,-0.05,46
102/03/28,236637,3341118,13.80,14.40,13.80,14.15,+0.35,88
102/03/29,1868155,27578943,14.85,15.10,14.40,14.60,+0.45,572
102/04/01,606247,8869777,14.80,14.80,14.40,14.50,-0.10,269
102/04/02,184487,2673212,14.70,14.70,14.40,14.45,-0.05,87
102/04/03,234798,3403480,14.60,14.60,14.40,14.55,+0.10,101
102/04/08,265201,3755044,14.25,14.50,13.85,14.30,-0.25,107
102/04/09,97000,1372650,14.30,14.50,14.00,14.20,-0.10,51
102/04/10,77657,1108012,14.20,14.40,14.20,14.20,0.00,49
102/04/11,129327,1857009,14.25,14.50,14.20,14.20,0.00,73
102/04/12,282488,4097753,14.20,14.80,14.20,14.40,+0.20,105
102/04/15,169794,2443613,14.40,14.55,14.30,14.30,-0.10,54
102/04/16,188687,2646185,14.10,14.30,13.85,14.30,0.00,79
102/04/17,126319,1804594,14.10,14.35,14.10,14.25,-0.05,52
102/04/18,115148,1650557,14.25,14.50,14.25,14.40,+0.15,41
102/04/19,176312,2555723,14.50,14.60,14.40,14.60,+0.20,71
102/04/22,234436,3399683,14.65,14.70,14.35,14.35,-0.25,64
102/04/23,36043,519668,14.45,14.45,14.40,14.40,+0.05,21
102/04/24,158081,2280308,14.55,14.55,14.40,14.40,0.00,43
102/04/25,110815,1602354,14.40,14.55,14.40,14.45,+0.05,44
102/04/26,418420,6034742,14.45,14.60,14.20,14.20,-0.25,137
102/04/29,129003,1839942,14.30,14.35,14.20,14.20,0.00,48
102/04/30,118566,1684333,14.20,14.35,14.10,14.20,0.00,57
102/05/02,129799,1840175,14.15,14.25,14.15,14.15,-0.05,45
102/05/03,125057,1770696,14.20,14.25,14.10,14.15,0.00,53
102/05/06,574549,7973402,14.00,14.10,13.75,13.80,-0.35,161
102/05/07,138027,1903768,13.80,14.00,13.70,13.80,0.00,42
102/05/08,182244,2538079,13.80,14.00,13.80,13.95,+0.15,68
102/05/09,125158,1755685,14.20,14.20,13.95,13.95,0.00,46
102/05/10,107125,1498386,13.70,14.10,13.70,14.10,+0.15,32
102/05/13,44119,618998,14.05,14.15,14.00,14.00,-0.10,24
102/05/14,4929676,73683491,14.95,14.95,14.80,14.95,+0.95,1021
102/05/15,3808205,60433859,15.95,15.95,15.50,15.95,+1.00,944
102/05/16,2297371,39163867,17.05,17.05,17.00,17.05,+1.10,601
102/05/17,1149404,20919141,18.20,18.20,18.20,18.20,+1.15,356
102/05/20,2615520,50819838,19.45,19.45,19.20,19.45,+1.25,804
102/05/21,7851672,157409309,20.50,20.75,18.80,19.65,+0.20,3063
102/05/22,3818792,76223151,20.40,20.50,19.40,20.20,+0.55,1691
102/05/23,3658726,69647347,20.00,20.05,18.80,18.80,-1.40,1364
102/05/24,2599555,47784327,18.80,19.10,17.70,18.55,-0.25,1070
102/05/27,1343246,24676349,18.15,18.60,18.15,18.30,-0.25,528
102/05/28,2956340,56521741,18.60,19.55,18.60,19.55,+1.25,1139
102/05/29,2851478,56265301,19.95,20.15,19.25,19.25,-0.30,1081
102/05/30,1136719,21639593,19.05,19.50,18.80,18.80,-0.45,497
102/05/31,1099154,20756313,19.10,19.20,18.55,18.70,-0.10,495
102/06/03,1861000,35580897,18.60,19.70,18.35,19.35,+0.65,842
102/06/04,1318719,25214823,19.55,19.60,18.75,18.75,-0.60,561
102/06/05,950656,17728535,18.85,19.05,18.35,18.40,-0.35,419
102/06/06,1085159,20416912,18.25,19.10,18.25,18.75,+0.35,519
102/06/07,835800,15413909,19.00,19.00,18.10,18.20,-0.55,363
102/06/10,1341335,23964227,18.30,18.55,17.30,17.30,-0.90,580
102/06/11,1231662,21971400,17.50,18.25,17.40,17.55,+0.25,548
102/06/13,1743262,31698866,17.55,18.70,17.55,18.10,+0.55,818
102/06/14,691375,12410511,18.50,18.50,17.65,17.65,-0.45,331
102/06/17,548055,9842995,17.65,18.20,17.65,18.05,+0.40,241
102/06/18,538909,9754275,18.30,18.30,17.90,17.90,-0.15,248
102/06/19,1556498,29470233,18.00,19.15,17.95,19.15,+1.25,366
102/06/20,5290673,103674316,19.95,20.00,18.70,18.90,-0.25,1882
102/06/21,1561017,27891706,17.80,18.25,17.60,18.00,-0.90,651
102/06/24,640000,11498900,18.00,18.25,17.80,17.80,-0.20,293
102/06/25,865000,15025650,17.90,18.15,17.00,17.00,-0.80,415
102/06/26,1133425,19882100,17.70,17.80,17.30,17.40,+0.40,381
102/06/27,515432,9118603,17.70,17.95,17.55,17.70,+0.30,241
102/06/28,543556,9568217,17.90,17.90,17.40,17.40,-0.30,244
102/07/01,343020,6063504,17.55,17.80,17.35,17.80,+0.40,161
102/07/02,1781140,33077840,17.90,18.95,17.80,18.60,+0.80,804
102/07/03,566050,10385022,18.55,18.55,18.20,18.50,-0.10,251
102/07/04,2807442,53824863,19.00,19.45,18.75,19.25,+0.75,1113
102/07/05,4098570,81710467,19.50,20.35,19.50,19.70,+0.45,1510
102/07/08,4697832,94413488,20.20,20.40,19.60,20.05,+0.35,1553
102/07/09,7525361,156428168,20.50,21.45,20.05,20.90,+0.85,2808
102/07/10,4507851,95639935,21.40,21.70,20.55,20.55,-0.35,1792
102/07/11,2340445,47958993,20.60,21.20,20.10,20.30,-0.25,1064
102/07/12,3320000,69270000,20.60,21.15,20.40,21.10,+0.80,1302
102/07/15,4791053,107197586,22.45,22.55,21.80,22.55,+1.45,1426
102/07/16,5191309,120671821,23.45,24.00,22.65,22.90,+0.35,1993
102/07/17,2645990,60199225,22.90,23.20,22.35,22.60,-0.30,1157
102/07/18,4587664,104610106,23.00,23.50,22.45,22.45,-0.15,1664
102/07/19,3320285,70942456,22.40,22.40,20.90,20.90,-1.55,1323
102/07/22,2116597,45090020,20.90,21.80,20.70,21.50,+0.60,953
102/07/23,2094872,46000483,22.00,22.30,21.60,21.65,+0.15,829
102/07/24,812180,17453942,21.65,21.85,21.30,21.30,-0.35,380
102/07/25,1319178,28280519,21.50,21.85,20.90,20.90,-0.40,548
102/07/26,1493300,30778769,21.00,21.20,20.20,20.40,-0.50,598
102/07/29,739506,15060145,20.00,20.75,20.00,20.65,+0.25,367
102/07/30,1019443,20814470,20.80,20.90,20.20,20.20,-0.45,454
102/07/31,835429,16991900,20.35,20.60,20.15,20.20,0.00,379
102/08/01,1319616,26203595,20.30,20.40,19.40,19.65,-0.55,548
102/08/02,1210109,23749490,19.90,19.90,19.35,19.65,0.00,497
102/08/05,1159888,23619953,19.65,20.70,19.65,20.65,+1.00,546
102/08/06,909010,18557906,20.80,20.80,20.15,20.20,-0.45,436
102/08/07,630199,12778369,20.20,20.60,20.00,20.10,-0.10,352
102/08/08,500110,10015794,20.30,20.35,19.90,19.95,-0.15,258
102/08/09,579492,11543441,20.00,20.15,19.80,19.85,-0.10,264
102/08/12,2256044,47005976,20.10,21.20,20.00,21.20,+1.35,877
102/08/13,3237314,70934953,21.70,22.45,21.25,21.85,+0.65,1412
102/08/14,2316713,48609971,21.80,21.80,20.50,20.65,-1.20,925
102/08/15,1750281,34715899,19.60,20.25,19.60,19.80,-0.85,690
102/08/16,1673358,32157483,19.45,19.70,18.80,19.20,-0.60,727
102/08/19,680100,12946295,19.20,19.30,18.85,18.90,-0.30,327
102/08/20,1312058,24365925,19.00,19.00,18.30,18.30,-0.60,356
102/08/22,413001,7541668,18.20,18.40,18.05,18.30,0.00,187
102/08/23,1116126,21004592,18.40,19.10,18.40,18.60,+0.30,341
102/08/26,311050,5829139,19.00,19.00,18.60,18.70,+0.10,175
102/08/27,476089,8806383,18.70,19.10,18.20,18.20,-0.50,210
102/08/28,1278150,22871707,17.95,18.10,17.55,17.85,-0.35,324
102/08/29,540280,9899550,18.00,18.65,17.90,18.50,+0.65,231
102/08/30,422858,7755070,18.65,18.65,18.20,18.35,-0.15,193
102/09/02,870055,16073397,18.45,18.70,18.35,18.60,+0.25,184
102/09/03,507072,9360482,18.40,18.70,18.30,18.35,-0.25,195
102/09/04,282381,5204133,18.40,18.55,18.30,18.40,+0.05,133
102/09/05,785733,14564251,18.65,18.70,18.40,18.55,+0.15,337
102/09/06,730797,12928725,17.60,17.85,17.55,17.70,,356
102/09/09,289277,5118746,18.00,18.05,17.45,17.45,-0.25,142
102/09/10,363875,6250815,17.55,17.55,17.00,17.05,-0.40,162
102/09/11,815000,13317550,17.00,17.00,16.05,16.20,-0.85,372
102/09/12,243000,3966700,16.20,16.40,16.20,16.30,+0.10,126
102/09/13,220086,3606464,16.35,16.60,16.25,16.35,+0.05,102
102/09/14,176000,2849750,16.50,16.50,16.10,16.15,-0.20,78
102/09/16,383916,6340404,16.35,16.70,16.20,16.60,+0.45,195
102/09/17,1066207,18169810,16.80,17.25,16.70,17.15,+0.55,386
102/09/18,270000,4563000,17.25,17.25,16.80,16.95,-0.20,117
102/09/23,102850,1738016,17.00,17.00,16.85,16.85,-0.10,54
102/09/24,409432,6997358,16.85,17.30,16.75,17.25,+0.40,182
102/09/25,285701,4872869,17.25,17.25,17.00,17.10,-0.15,124
102/09/26,195353,3302801,17.00,17.10,16.80,17.00,-0.10,80
102/09/27,430848,7381249,17.05,17.30,16.85,17.20,+0.20,161
102/09/30,87152,1480040,17.10,17.10,16.90,16.95,-0.25,63
102/10/01,298000,5063100,16.95,17.10,16.90,16.95,0.00,105
102/10/02,449500,7637499,17.10,17.20,16.90,16.90,-0.05,154
102/10/03,269000,4567600,17.00,17.15,16.90,17.10,+0.20,91
102/10/04,429086,7348216,17.15,17.30,17.00,17.15,+0.05,150
102/10/07,1432738,25434193,17.20,18.20,17.20,17.95,+0.80,589
102/10/08,305100,5426100,17.95,17.95,17.70,17.85,-0.10,119
102/10/09,231213,4094208,17.80,17.90,17.50,17.65,-0.20,126
102/10/11,309249,5468420,17.95,17.95,17.50,17.50,-0.15,126
102/10/14,370255,6325332,17.50,17.55,16.70,16.70,-0.80,172
102/10/15,1429561,24021937,16.75,17.25,16.50,17.10,+0.40,379
102/10/16,250576,4238870,17.10,17.10,16.70,17.05,-0.05,98
102/10/17,136984,2310981,17.05,17.05,16.80,16.85,-0.20,64
102/10/18,192249,3283545,16.85,17.20,16.85,17.15,+0.30,94
102/10/21,109150,1868230,17.20,17.20,17.05,17.20,+0.05,48
102/10/22,133089,2279935,17.20,17.20,17.05,17.20,0.00,49
102/10/23,374896,6482040,17.20,17.40,17.10,17.20,0.00,246
102/10/24,177200,3043066,17.35,17.35,17.05,17.10,-0.10,111
102/10/25,530366,9245147,17.15,17.60,17.05,17.60,+0.50,292
102/10/28,166574,2931203,17.80,17.85,17.35,17.40,-0.20,122
102/10/29,139657,2411378,17.20,17.35,17.20,17.20,-0.20,82
102/10/30,248846,4320350,17.20,17.55,17.15,17.20,0.00,136
102/10/31,129429,2225931,17.30,17.35,17.10,17.10,-0.10,73
102/11/01,211449,3605661,17.30,17.30,16.85,16.85,-0.25,110
102/11/04,244763,4111262,16.95,16.95,16.65,16.65,-0.20,113
102/11/05,518960,8564743,16.75,16.80,16.20,16.35,-0.30,181
102/11/06,179960,2936197,16.40,16.45,16.20,16.35,0.00,79
102/11/07,176640,2880495,16.35,16.50,16.20,16.30,-0.05,69
102/11/08,307240,4978432,16.30,16.30,16.10,16.30,0.00,99
102/11/11,168300,2705577,16.35,16.35,16.00,16.10,-0.20,81
102/11/12,236600,3792379,16.00,16.25,15.90,16.05,-0.05,90
102/11/13,171822,2706723,15.80,16.00,15.65,15.70,-0.35,89
102/11/14,125013,1991654,15.80,16.10,15.80,16.00,+0.30,68
102/11/15,149235,2398660,16.05,16.25,16.00,16.15,+0.15,82
102/11/18,154360,2492396,16.35,16.35,16.05,16.25,+0.10,65
102/11/19,193360,3113830,16.25,16.30,16.00,16.20,-0.05,73
102/11/20,181927,2931682,16.05,16.30,16.05,16.05,-0.15,52
102/11/21,126800,2017550,16.00,16.05,15.85,15.90,-0.15,44
102/11/22,73348,1174446,16.20,16.20,15.90,15.90,0.00,42
102/11/25,122571,1974898,16.00,16.20,16.00,16.20,+0.30,55
102/11/26,701043,11555743,16.10,16.75,16.05,16.30,+0.10,240
102/11/27,107911,1764657,16.25,16.50,16.25,16.30,0.00,63
102/11/28,155960,2553198,16.35,16.45,16.30,16.35,+0.05,61
102/11/29,329475,5460413,16.35,16.70,16.35,16.55,+0.20,143
102/12/02,205715,3432561,16.55,16.80,16.55,16.55,0.00,98
102/12/03,75600,1247128,16.50,16.65,16.40,16.45,-0.10,43
102/12/04,132080,2167994,16.40,16.55,16.30,16.55,+0.10,74
102/12/05,230400,3797210,16.50,16.55,16.45,16.45,-0.10,62
102/12/06,346200,5692770,16.50,16.60,16.30,16.40,-0.05,112
102/12/09,117489,1937343,16.50,16.60,16.45,16.45,+0.05,72
102/12/10,127907,2102929,16.45,16.50,16.40,16.40,-0.05,49
102/12/11,269110,4451697,16.50,16.80,16.30,16.55,+0.15,126
102/12/12,41800,689439,16.45,16.60,16.40,16.55,0.00,26
102/12/13,138480,2293718,16.50,16.65,16.45,16.65,+0.10,58
102/12/16,95893,1595502,16.70,16.75,16.50,16.50,-0.15,68
102/12/17,79658,1312673,16.55,16.55,16.45,16.45,-0.05,47
102/12/18,137200,2262490,16.65,16.65,16.45,16.45,0.00,56
102/12/19,157440,2598709,16.50,16.60,16.45,16.55,+0.10,58
102/12/20,247814,4081348,16.55,16.60,16.40,16.45,-0.10,86
102/12/23,61249,1009195,16.45,16.55,16.45,16.45,0.00,41
102/12/24,2435635,42166619,16.50,17.60,16.50,17.60,+1.15,769
102/12/25,3700406,67148982,18.00,18.45,17.90,18.05,+0.45,1343
102/12/26,788920,14062825,18.00,18.10,17.65,18.00,-0.05,337
102/12/27,444778,7959540,18.05,18.05,17.75,17.75,-0.25,233
102/12/30,664200,11734650,17.80,17.90,17.50,17.50,-0.25,272
102/12/31,399842,7005089,17.50,17.65,17.45,17.55,+0.05,187
103/01/02,427132,7489559,17.70,17.75,17.45,17.50,-0.05,157
103/01/03,506478,8791267,17.50,17.55,17.20,17.40,-0.10,191
103/01/06,336240,5857502,17.50,17.60,17.30,17.40,0.00,146
103/01/07,215577,3766760,17.30,17.65,17.30,17.65,+0.25,122
103/01/08,666574,11907365,17.65,18.20,17.60,17.90,+0.25,310
103/01/09,1576897,28792232,18.00,18.55,17.95,18.20,+0.30,629
103/01/10,1387330,25818599,18.20,18.90,18.05,18.90,+0.70,607
103/01/13,716802,13461025,19.45,19.50,18.30,18.40,-0.50,355
103/01/14,377508,6876894,18.40,18.55,18.10,18.20,-0.20,169
103/01/15,352891,6416138,18.20,18.50,18.00,18.10,-0.10,183
103/01/16,417100,7565200,18.30,18.40,17.95,18.00,-0.10,165
103/01/17,379320,6710129,18.00,18.00,17.45,17.75,-0.25,173
103/01/20,320610,5756380,17.80,18.25,17.80,18.05,+0.30,139
103/01/21,125768,2266396,18.10,18.15,17.90,18.00,-0.05,74
103/01/22,121801,2179017,18.20,18.20,17.80,17.85,-0.15,50
103/01/23,168882,2996179,17.80,17.95,17.65,17.65,-0.20,88
103/01/24,160200,2826340,17.60,17.90,17.55,17.55,-0.10,81
103/01/27,192089,3317380,17.55,17.55,17.10,17.20,-0.35,77
103/02/05,143200,2460560,17.00,17.35,16.95,17.25,+0.05,63
103/02/06,209400,3661349,17.40,17.60,17.25,17.60,+0.35,88
103/02/07,100163,1762418,17.70,17.70,17.50,17.60,0.00,46
103/02/10,113601,1993516,17.70,17.70,17.45,17.50,-0.10,58
103/02/11,204980,3647045,17.60,17.95,17.55,17.95,+0.45,123
103/02/12,269008,4850442,18.10,18.25,17.85,18.05,+0.10,115
103/02/13,117633,2101746,18.00,18.00,17.75,17.85,-0.20,79
103/02/14,168043,3012612,17.75,18.15,17.75,17.90,+0.05,106
103/02/17,175124,3131051,18.00,18.10,17.75,17.85,-0.05,93
103/02/18,187296,3328639,17.80,17.90,17.70,17.75,-0.10,90
103/02/19,687029,12386121,17.90,18.25,17.80,18.10,+0.35,318
103/02/20,1591418,29615184,18.10,19.05,18.10,18.25,+0.15,663
103/02/21,446161,8195068,18.35,18.55,18.25,18.25,0.00,191
103/02/24,207103,3763656,18.25,18.30,18.10,18.10,-0.15,109
103/02/25,331124,5988138,18.10,18.20,18.00,18.15,+0.05,125
103/02/26,380675,6862831,18.15,18.15,17.95,18.15,0.00,148
103/02/27,503205,9142780,18.10,18.35,18.05,18.25,+0.10,196
103/03/03,1898654,36627198,18.25,19.50,18.00,19.50,+1.25,622
103/03/04,4619748,92152639,20.00,20.40,19.55,19.95,+0.45,1599
103/03/05,2006078,40066924,20.25,20.25,19.65,19.80,-0.15,672
103/03/06,1117991,21983172,19.80,19.90,19.50,19.65,-0.15,382
103/03/07,1439698,27988707,19.70,19.85,19.00,19.05,-0.60,442
103/03/10,355094,6760098,19.25,19.25,18.80,19.25,+0.20,165
103/03/11,356983,6895073,19.65,19.65,19.15,19.15,-0.10,149
103/03/12,445430,8532689,19.10,19.35,19.00,19.15,0.00,154
103/03/13,475994,9105586,19.15,19.30,19.05,19.10,-0.05,144
103/03/14,1102961,21512042,19.00,19.80,18.95,19.35,+0.25,404
103/03/17,514448,9901933,19.45,19.45,19.15,19.15,-0.20,170
103/03/18,644501,12373743,19.20,19.45,19.10,19.25,+0.10,209
103/03/19,532049,10332694,19.70,19.70,19.25,19.40,+0.15,213
103/03/20,409532,7832358,19.40,19.40,19.00,19.05,-0.35,158
103/03/21,371400,7001038,18.90,19.15,18.60,18.75,-0.30,158
103/03/24,269445,4930643,18.15,18.70,18.00,18.70,-0.05,121
103/03/25,303080,5749115,18.40,19.25,18.40,19.05,+0.35,128
103/03/26,315412,6012421,19.20,19.25,18.90,18.90,-0.15,121
103/03/27,232031,4406734,18.95,19.20,18.90,18.95,+0.05,105
103/03/28,280768,5332960,19.10,19.15,18.80,18.80,-0.15,84
103/03/31,183800,3466199,19.00,19.00,18.80,18.95,+0.15,89
103/04/01,568621,11007008,19.50,19.80,19.05,19.20,+0.25,287
103/04/02,310054,5907266,19.05,19.15,18.95,19.00,-0.20,139
103/04/03,293323,5516340,19.00,19.05,18.70,18.90,-0.10,141
103/04/07,377810,7004323,18.70,18.80,18.45,18.55,-0.35,143
103/04/08,387200,7168659,18.50,18.65,18.45,18.55,0.00,137
103/04/09,286301,5298458,18.55,18.65,18.45,18.65,+0.10,127
103/04/10,286125,5291993,18.70,18.70,18.40,18.45,-0.20,107
103/04/11,147313,2706627,18.40,18.45,18.30,18.35,-0.10,63
103/04/14,1428193,26767936,18.15,19.20,18.10,18.85,+0.50,572
103/04/15,419082,7883428,19.00,19.05,18.60,18.65,-0.20,201
103/04/16,420880,7934344,18.60,18.95,18.50,18.90,+0.25,220
103/04/17,336070,6371215,19.00,19.10,18.85,18.85,-0.05,145
103/04/18,330222,6251883,18.85,19.05,18.80,18.85,0.00,107
103/04/21,398420,7553846,18.85,19.15,18.85,18.85,0.00,150
103/04/22,372179,7040315,18.90,19.00,18.80,18.90,+0.05,134
103/04/23,478259,9099941,19.00,19.30,18.80,18.80,-0.10,238
103/04/24,264254,4941073,18.80,18.90,18.50,18.50,-0.30,128
103/04/25,822111,14611023,18.40,18.50,17.30,17.70,-0.80,322
103/04/28,347525,5942905,16.60,17.40,16.60,17.20,-0.50,132
103/04/29,173001,2996667,16.80,17.70,16.80,17.45,+0.25,80
103/04/30,155400,2689630,17.40,17.55,17.20,17.45,0.00,52
103/05/02,133123,2330144,17.45,17.65,17.45,17.65,+0.20,59
103/05/05,137173,2394342,17.60,17.70,17.20,17.30,-0.35,59
103/05/06,130851,2291128,17.55,17.75,17.35,17.45,+0.15,75
103/05/07,131338,2275193,17.35,17.40,17.30,17.30,-0.15,54
103/05/08,98200,1706800,17.25,17.50,17.25,17.45,+0.15,48
103/05/09,228000,3976300,17.45,17.60,17.35,17.50,+0.05,55
103/05/12,163004,2831270,17.30,17.60,17.25,17.50,0.00,79
103/05/13,77242,1347460,17.50,17.60,17.30,17.40,-0.10,30
103/05/14,94500,1637600,17.40,17.50,17.25,17.25,-0.15,37
103/05/15,126469,2169640,17.10,17.45,17.00,17.10,-0.15,59
103/05/16,222903,3805803,17.05,17.20,16.95,17.20,+0.10,78
103/05/19,76125,1305812,17.40,17.40,17.05,17.35,+0.15,44
103/05/20,268000,4569850,17.20,17.25,17.00,17.05,-0.30,112
103/05/21,255000,4330400,17.00,17.15,16.90,17.15,+0.10,85
103/05/22,166216,2830292,17.00,17.10,17.00,17.10,-0.05,84
103/05/23,210200,3587289,17.10,17.15,16.95,17.10,0.00,70
103/05/26,56494,967398,17.05,17.20,17.05,17.20,+0.10,41
103/05/27,69539,1195289,17.40,17.40,17.05,17.25,+0.05,49
103/05/28,99394,1699148,17.25,17.25,17.05,17.05,-0.20,50
103/05/29,129920,2228786,17.10,17.25,17.05,17.20,+0.15,46
103/05/30,168400,2874300,17.20,17.20,16.90,17.20,0.00,89
103/06/03,50999,871332,17.25,17.25,17.05,17.05,-0.15,23
103/06/04,990509,17165504,17.05,17.80,16.85,17.50,+0.45,273
103/06/05,113640,1975370,17.55,17.55,17.25,17.30,-0.20,71
103/06/06,222200,3824589,17.40,17.45,17.05,17.05,-0.25,82
103/06/09,76633,1323111,17.05,17.50,17.05,17.20,+0.15,48
103/06/10,39760,688260,17.45,17.45,17.20,17.40,+0.20,24
103/06/11,94402,1640104,17.35,17.55,17.30,17.40,0.00,45
103/06/12,129827,2239491,17.45,17.45,17.20,17.20,-0.20,46
103/06/13,52878,910212,17.20,17.35,17.10,17.35,+0.15,25
103/06/16,149080,2559876,17.40,17.40,17.10,17.20,-0.15,77
103/06/17,167253,2876038,17.15,17.25,17.15,17.25,+0.05,76
103/06/18,274040,4688428,17.20,17.25,17.05,17.10,-0.15,94
103/06/19,216495,3690515,17.10,17.15,17.00,17.05,-0.05,101
103/06/20,171747,2925161,16.95,17.10,16.95,17.05,0.00,97
103/06/23,98920,1681013,17.00,17.10,16.90,16.90,-0.15,53
103/06/24,123372,2091480,16.90,17.05,16.90,16.90,0.00,51
103/06/25,97234,1638057,17.00,17.00,16.75,16.90,0.00,52
103/06/26,510100,8720800,17.00,17.20,16.90,17.00,+0.10,137
103/06/27,108561,1837061,17.00,17.00,16.85,16.95,-0.05,47
103/06/30,415280,7120656,16.85,17.45,16.85,17.45,+0.50,158
103/07/01,2466763,43961278,17.80,18.45,17.50,17.70,+0.25,402
103/07/02,181280,3175829,17.70,17.70,17.35,17.40,-0.30,93
103/07/03,82899,1445757,17.45,17.60,17.35,17.35,-0.05,40
103/07/04,70168,1221330,17.40,17.45,17.35,17.45,+0.10,34
103/07/07,62697,1081388,17.45,17.45,17.15,17.35,-0.10,30
103/07/08,99373,1728602,17.35,17.50,17.20,17.50,+0.15,59
103/07/09,54613,941393,17.35,17.40,17.15,17.40,-0.10,33
103/07/10,221323,3780173,17.10,17.20,17.05,17.05,-0.35,85
103/07/11,452898,7650799,17.05,17.25,16.75,17.25,+0.20,166
103/07/14,166779,2837353,17.10,17.15,16.95,16.95,-0.30,47
103/07/15,108363,1832298,17.00,17.00,16.85,16.85,-0.10,65
103/07/16,164835,2791177,16.85,17.15,16.85,16.85,0.00,52
103/07/17,137113,2317097,17.10,17.10,16.85,16.85,0.00,38
103/07/18,93000,1559350,16.90,16.95,16.70,16.70,-0.15,44
103/07/21,88040,1474810,16.90,16.90,16.70,16.75,+0.05,55
103/07/22,98160,1648138,16.80,16.95,16.75,16.95,+0.20,48
103/07/24,76363,1286266,17.00,17.00,16.80,16.80,-0.15,40
103/07/25,117021,1968249,16.80,16.90,16.75,16.90,+0.10,47
103/07/28,84240,1415632,16.90,16.90,16.75,16.85,-0.05,55
103/07/29,66000,1110500,16.80,16.85,16.80,16.85,0.00,39
103/07/30,105038,1766888,16.85,16.90,16.75,16.90,+0.05,54
103/07/31,227735,3866908,16.95,17.20,16.85,17.10,+0.20,98
103/08/01,175550,3000254,17.00,17.20,16.90,17.20,+0.10,84
103/08/04,114000,1958500,17.10,17.30,17.10,17.30,+0.10,53
103/08/05,66019,1128973,17.10,17.15,17.05,17.15,-0.15,31
103/08/06,141000,2395800,17.15,17.20,16.85,17.05,-0.10,51
103/08/07,35084,597973,17.05,17.10,16.95,17.10,+0.05,13
103/08/08,101000,1706900,16.90,16.90,16.90,16.90,-0.20,44
103/08/11,71000,1213800,17.05,17.15,17.05,17.15,+0.25,35
103/08/12,139100,2390120,17.10,17.30,17.10,17.20,+0.05,60
103/08/13,188120,3226946,17.15,17.20,17.15,17.15,-0.05,59
103/08/14,86000,1467300,17.30,17.30,17.00,17.10,-0.05,28
103/08/15,2240698,39560504,17.20,18.10,17.20,17.95,+0.85,827
103/08/18,983777,17711536,18.05,18.35,17.70,17.75,-0.20,434
103/08/19,494000,8826750,17.90,18.00,17.60,17.90,+0.15,199
103/08/20,1895842,35194220,18.00,19.10,17.60,19.00,+1.10,755
103/08/21,692000,12862650,18.85,18.90,18.40,18.40,-0.60,348
103/08/22,1496721,28362081,18.45,19.20,18.45,18.80,+0.40,356
103/08/25,495538,9322529,18.80,19.15,18.55,18.65,-0.15,239
103/08/26,406200,7551320,18.75,18.85,18.50,18.70,+0.05,185
103/08/27,435389,8130373,18.65,18.85,18.55,18.55,-0.15,175
103/08/28,777110,14445218,18.60,18.85,18.40,18.40,-0.15,238
103/08/29,316353,5844878,18.40,18.65,18.35,18.60,+0.20,165
103/09/01,588581,10880159,18.70,18.75,18.35,18.55,-0.05,236
103/09/02,262564,4841025,18.50,18.50,18.35,18.35,-0.20,117
103/09/03,694434,12828477,18.40,18.50,18.40,18.50,+0.15,296
103/09/04,393200,6801300,17.50,17.50,17.10,17.10,,246
103/09/05,266588,4548080,17.10,17.15,16.95,17.15,+0.05,117
103/09/09,227000,3855050,17.25,17.25,16.90,17.20,+0.05,122
103/09/10,90000,1525850,16.95,17.00,16.90,17.00,-0.20,50
103/09/11,128120,2167408,16.90,17.00,16.85,16.90,-0.10,58
103/09/12,138550,2326690,16.90,16.95,16.70,16.95,+0.05,71
103/09/15,74639,1261284,16.95,16.95,16.80,16.90,-0.05,31
103/09/16,53086,891086,16.90,16.90,16.70,16.80,-0.10,23
103/09/17,241284,4066113,16.80,17.00,16.80,16.80,0.00,57
103/09/18,134661,2280954,16.95,17.00,16.90,16.95,+0.15,39
103/09/19,34080,579560,17.10,17.10,16.90,17.00,+0.05,27
103/09/22,87168,1469239,17.00,17.00,16.80,16.90,-0.10,36
103/09/23,80000,1345200,16.90,16.90,16.80,16.85,-0.05,28
103/09/24,92154,1546369,16.80,16.90,16.75,16.80,-0.05,33
103/09/25,112160,1857482,16.80,16.80,16.35,16.45,-0.35,62
103/09/26,91497,1491600,16.35,16.40,16.25,16.40,-0.05,50
103/09/29,45001,742216,16.40,16.65,16.40,16.55,+0.15,27
103/09/30,154458,2542884,16.50,16.60,16.40,16.45,-0.10,51
103/10/01,112253,1862536,16.50,16.70,16.50,16.55,+0.10,42
103/10/02,658184,11454851,16.90,17.70,16.60,17.30,+0.75,292
103/10/03,442349,7566830,17.45,17.50,16.90,16.90,-0.40,181
103/10/06,78845,1344580,16.95,17.25,16.95,17.00,+0.10,45
103/10/07,111080,1892056,16.95,17.20,16.95,17.05,+0.05,47
103/10/08,43380,735821,17.00,17.05,16.85,17.00,-0.05,34
103/10/09,96001,1621566,17.05,17.05,16.80,17.05,+0.05,55
103/10/13,120999,2023982,16.80,16.80,16.60,16.80,-0.25,66
103/10/14,77109,1289520,16.70,16.85,16.60,16.85,+0.05,40
103/10/15,92120,1535492,16.85,16.85,16.60,16.70,-0.15,34
103/10/16,122146,2009023,16.60,16.60,16.25,16.60,-0.10,57
103/10/17,82080,1351658,16.60,16.70,16.35,16.35,-0.25,44
103/10/20,83100,1373255,16.50,16.60,16.45,16.60,+0.25,36
103/10/21,74250,1227925,16.60,16.70,16.45,16.60,0.00,33
103/10/22,90100,1497900,16.75,16.75,16.55,16.55,-0.05,46
103/10/23,61084,1009786,16.55,16.65,16.50,16.60,+0.05,27
103/10/24,73280,1216534,16.70,16.70,16.50,16.55,-0.05,19
103/10/27,59568,976328,16.70,16.70,16.25,16.25,-0.30,33
103/10/28,51883,851824,16.25,16.55,16.25,16.55,+0.30,35
103/10/29,42507,703590,16.55,16.65,16.50,16.65,+0.10,30
103/10/30,33834,559693,16.65,16.65,16.45,16.60,-0.05,23
103/10/31,128466,2149727,16.70,16.85,16.65,16.85,+0.25,106
103/11/03,166486,2819104,16.95,17.05,16.70,16.90,+0.05,117
103/11/04,68293,1155165,17.00,17.00,16.90,16.95,+0.05,58
103/11/05,97013,1634960,17.00,17.00,16.70,16.90,-0.05,64
103/11/06,107260,1807491,16.90,17.00,16.75,16.95,+0.05,50
103/11/07,51826,874325,16.95,16.95,16.80,16.90,-0.05,32
103/11/10,79962,1351602,16.90,16.95,16.85,16.90,0.00,47
103/11/11,559610,9773759,17.50,17.70,17.25,17.50,+0.60,274
103/11/12,216600,3741357,17.20,17.45,17.05,17.25,-0.25,84
103/11/13,175864,3042950,17.35,17.40,17.20,17.40,+0.15,68
103/11/14,511889,9024533,17.40,17.75,17.40,17.75,+0.35,199
103/11/17,469203,7994877,17.25,17.30,16.65,17.20,-0.55,216
103/11/18,220899,3756470,17.00,17.15,16.90,17.15,-0.05,100
103/11/19,57420,979068,17.10,17.20,16.95,17.00,-0.15,38
103/11/20,197857,3335293,17.00,17.00,16.80,16.90,-0.10,77
103/11/21,56418,959172,17.00,17.10,16.95,17.05,+0.15,40
103/11/24,37787,642299,17.00,17.10,17.00,17.00,-0.05,27
103/11/25,62187,1055219,17.00,17.00,16.95,16.95,-0.05,37
103/11/26,269506,4611025,16.95,17.30,16.95,17.15,+0.20,69
103/11/27,103727,1765846,17.15,17.15,16.90,16.95,-0.20,49
103/11/28,76517,1299361,17.00,17.05,16.90,17.05,+0.10,48
103/12/01,97633,1650652,16.90,17.00,16.85,16.85,-0.20,45
103/12/02,103460,1750521,16.85,17.05,16.85,17.05,+0.20,54
103/12/03,124700,2125355,17.00,17.15,16.95,17.15,+0.10,61
103/12/04,173315,2971205,17.20,17.20,17.10,17.10,-0.05,73
103/12/05,119453,2041070,17.10,17.15,17.00,17.10,0.00,50
103/12/08,382100,6454582,17.10,17.15,16.80,16.90,-0.20,130
103/12/09,201947,3404405,16.90,17.00,16.80,16.85,-0.05,88
103/12/10,206343,3446161,16.75,16.80,16.60,16.80,-0.05,73
103/12/11,88457,1471577,16.70,16.80,16.60,16.80,0.00,39
103/12/12,66100,1111082,16.80,16.95,16.70,16.95,+0.15,32
103/12/15,64976,1099994,16.70,16.95,16.70,16.90,-0.05,29
103/12/16,80180,1344224,16.90,16.90,16.65,16.80,-0.10,36
103/12/17,49489,826740,16.80,16.80,16.65,16.65,-0.15,31
103/12/18,152957,2555232,16.65,16.80,16.65,16.65,0.00,55
103/12/19,95723,1591051,16.80,16.80,16.55,16.55,-0.10,44
103/12/22,133681,2216704,16.65,16.70,16.55,16.70,+0.15,42
103/12/23,84842,1410626,16.75,16.75,16.55,16.70,0.00,33
103/12/24,90993,1511231,16.70,16.70,16.55,16.60,-0.10,50
103/12/25,56323,936277,16.60,16.70,16.60,16.65,+0.05,31
103/12/26,48120,799704,16.60,16.70,16.55,16.70,+0.05,25
103/12/27,60178,1002022,16.65,16.70,16.65,16.65,-0.05,23
103/12/29,139778,2339891,16.65,16.90,16.65,16.70,+0.05,73
103/12/30,73076,1227630,16.75,16.85,16.70,16.85,+0.15,39
103/12/31,88882,1490965,16.80,16.90,16.70,16.80,-0.05,46
104/01/05,33410,558436,16.80,16.80,16.70,16.70,-0.10,20
104/01/06,166760,2780190,16.65,16.70,16.60,16.70,0.00,62
104/01/07,61069,1018650,16.70,16.80,16.65,16.80,+0.10,31
104/01/08,213640,3577537,16.80,17.00,16.60,16.75,-0.05,72
104/01/09,63535,1061434,16.75,16.75,16.70,16.75,0.00,27
104/01/12,28968,483112,16.75,16.75,16.60,16.75,0.00,27
104/01/13,127000,2108900,16.65,16.65,16.55,16.60,-0.15,67
104/01/14,87723,1455300,16.60,16.70,16.55,16.70,+0.10,41
104/01/15,78210,1296025,16.60,16.65,16.55,16.65,-0.05,33
104/01/16,270552,4459339,16.55,16.65,16.30,16.65,0.00,86
104/01/19,81399,1349932,16.65,16.65,16.50,16.50,-0.15,37
104/01/20,72695,1196747,16.45,16.50,16.40,16.50,0.00,32
104/01/21,37235,612028,16.50,16.50,16.40,16.40,-0.10,25
104/01/22,37217,613867,16.30,16.70,16.30,16.55,+0.15,28
104/01/23,54556,902099,16.55,16.60,16.45,16.60,+0.05,41
104/01/26,57545,952391,16.60,16.65,16.45,16.65,+0.05,33
104/01/27,106423,1751585,16.60,16.60,16.40,16.40,-0.25,60
104/01/28,48476,797032,16.40,16.50,16.40,16.40,0.00,28
104/01/29,48060,790790,16.45,16.60,16.35,16.60,+0.20,31
104/01/30,31379,516553,16.60,16.60,16.40,16.50,-0.10,18
104/02/02,58237,957413,16.50,16.50,16.40,16.50,0.00,29
104/02/03,59000,971650,16.45,16.55,16.40,16.55,+0.05,30
104/02/04,44000,728450,16.65,16.75,16.45,16.60,+0.05,21
104/02/05,444669,7555753,16.60,17.25,16.60,16.90,+0.30,192
104/02/06,170142,2871835,16.90,17.00,16.65,16.90,0.00,63
104/02/09,119484,2019131,17.15,17.15,16.80,16.80,-0.10,58
104/02/10,101122,1697592,16.80,16.85,16.70,16.85,+0.05,49
104/02/11,87790,1468711,16.85,16.85,16.60,16.80,-0.05,41
104/02/12,31812,534128,16.85,16.85,16.70,16.70,-0.10,17
104/02/13,84692,1414837,16.75,16.80,16.60,16.70,0.00,44
104/02/24,98401,1631195,16.65,16.85,16.50,16.55,-0.15,53
104/02/25,69851,1155318,16.50,16.75,16.50,16.65,+0.10,38
104/02/26,50970,847200,16.70,16.75,16.50,16.75,+0.10,36
104/03/02,100183,1681213,16.75,16.85,16.70,16.85,+0.10,56
104/03/03,41300,693275,16.80,16.90,16.70,16.80,-0.05,16
104/03/04,73999,1249683,16.80,16.95,16.80,16.90,+0.10,43
104/03/05,52648,885169,16.80,16.90,16.75,16.80,-0.10,31
104/03/06,49350,830879,16.90,16.90,16.70,16.90,+0.10,33
104/03/09,32364,545178,16.90,16.90,16.80,16.85,-0.05,27
104/03/10,60362,1005091,16.85,16.85,16.60,16.60,-0.25,45
104/03/11,118308,1961710,16.55,16.75,16.55,16.75,+0.15,61
104/03/12,54881,914185,16.75,16.75,16.60,16.60,-0.15,38
104/03/13,56394,940139,16.70,16.75,16.60,16.75,+0.15,34
104/03/16,266031,4527320,16.80,17.25,16.65,17.10,+0.35,124
104/03/17,440674,7591238,17.20,17.40,17.05,17.30,+0.20,198
104/03/18,168078,2907639,17.20,17.35,17.20,17.35,+0.05,53
104/03/19,149150,2566450,17.20,17.35,17.15,17.15,-0.20,67
104/03/20,267652,4591003,17.20,17.25,17.05,17.05,-0.10,83
104/03/23,130003,2226301,17.05,17.20,17.05,17.10,+0.05,51
104/03/24,104321,1786957,17.10,17.20,17.10,17.20,+0.10,44
104/03/25,147485,2523939,17.20,17.20,17.05,17.10,-0.10,56
104/03/26,120648,2062079,17.10,17.15,17.05,17.10,0.00,49
104/03/27,96322,1625940,17.10,17.15,16.80,16.90,-0.20,31
104/03/30,93283,1582261,16.90,17.05,16.90,17.05,+0.15,26
104/03/31,77242,1306915,17.10,17.10,16.90,16.90,-0.15,23
104/04/01,458434,7961621,17.00,17.70,16.80,17.55,+0.65,181
104/04/02,572000,10041997,17.55,17.70,17.35,17.45,-0.10,251
104/04/07,309991,5478288,17.45,17.80,17.45,17.65,+0.20,185
104/04/08,1140877,20612212,17.65,18.30,17.50,18.25,+0.60,438
104/04/09,937105,17190063,18.50,18.50,18.10,18.40,+0.15,344
104/04/10,1250284,23332132,18.50,18.95,18.20,18.20,-0.20,433
104/04/13,401384,7198483,18.25,18.25,17.75,17.90,-0.30,166
104/04/14,381367,6796811,17.80,18.05,17.60,18.00,+0.10,133
104/04/15,190815,3395854,17.95,17.95,17.70,17.90,-0.10,64
104/04/16,124306,2215231,17.90,17.90,17.75,17.85,-0.05,46
104/04/17,233204,4143406,17.80,17.95,17.65,17.80,-0.05,71
104/04/20,372999,6467531,17.55,17.55,17.10,17.30,-0.50,89
104/04/21,433490,7362879,17.20,17.50,16.75,16.75,-0.55,129
104/04/22,101800,1727569,17.30,17.30,16.80,17.00,+0.25,41
104/04/23,88050,1505888,17.45,17.45,16.90,16.95,-0.05,38
104/04/24,98738,1677671,17.00,17.05,16.95,17.00,+0.05,40
104/04/27,133882,2292844,17.05,17.40,17.00,17.00,0.00,55
104/04/28,40184,682970,17.00,17.15,17.00,17.15,+0.15,19
104/04/29,87820,1502095,17.05,17.30,17.05,17.25,+0.10,30
104/04/30,107117,1858461,17.30,17.45,17.25,17.30,+0.05,45
104/05/04,71500,1242349,17.30,17.50,17.30,17.30,0.00,37
104/05/05,85999,1483283,17.30,17.40,17.15,17.20,-0.10,43
104/05/06,93500,1604225,17.15,17.30,17.10,17.15,-0.05,43
104/05/07,37024,631705,17.10,17.15,17.00,17.00,-0.15,19
104/05/08,134254,2269066,17.05,17.05,16.80,16.90,-0.10,42
104/05/11,203720,3435924,17.00,17.00,16.80,16.85,-0.05,53
104/05/12,173371,2885995,16.85,16.85,16.50,16.70,-0.15,33
104/05/13,40000,668100,16.70,16.80,16.60,16.70,0.00,16
104/05/14,27254,454715,16.65,16.75,16.60,16.75,+0.05,20
104/05/15,10940,183146,16.75,16.75,16.70,16.75,0.00,10
104/05/18,29232,490626,16.75,16.85,16.70,16.80,+0.05,21
104/05/19,20624,345093,16.95,16.95,16.80,16.90,+0.10,15
104/05/20,19721,331612,16.85,16.90,16.70,16.90,0.00,14
104/05/21,22000,369700,16.85,16.85,16.75,16.85,-0.05,12
104/05/22,30004,501217,16.75,16.75,16.70,16.70,-0.15,15
104/05/25,115114,1894517,16.65,16.65,16.30,16.40,-0.30,45
104/05/26,53038,874023,16.40,16.60,16.40,16.50,+0.10,19
104/05/27,67514,1108831,16.45,16.65,16.35,16.65,+0.15,32
104/05/28,97538,1612483,16.50,16.80,16.50,16.80,+0.15,35
104/05/29,108318,1799347,16.75,16.75,16.55,16.60,-0.20,29
104/06/01,44284,726078,16.60,16.60,16.35,16.40,-0.20,26
104/06/02,56999,939283,16.40,16.60,16.40,16.55,+0.15,13
104/06/03,221103,3647249,16.55,16.60,16.40,16.60,+0.05,29
104/06/04,41420,684201,16.55,16.60,16.50,16.55,-0.05,23
104/06/05,14646,241643,16.55,16.55,16.40,16.50,-0.05,9
104/06/08,111082,1738345,15.15,16.10,15.15,16.10,-0.40,35
104/06/09,130621,2051088,16.00,16.05,15.30,15.30,-0.80,37
104/06/10,166441,2560941,15.35,15.65,15.30,15.55,+0.25,37
104/06/11,36189,562309,15.65,15.80,15.50,15.55,0.00,17
104/06/12,27120,420422,15.50,15.75,15.40,15.70,+0.15,12
104/06/15,29307,454289,15.50,15.75,15.40,15.75,+0.05,16
104/06/16,33999,525534,15.45,15.65,15.35,15.65,-0.10,24
104/06/17,75076,1172092,15.65,15.70,15.60,15.70,+0.05,14
104/06/18,28084,440877,15.50,15.95,15.50,15.95,+0.25,15
104/06/22,18000,287200,15.90,16.30,15.90,16.10,+0.15,9
104/06/23,47999,760433,15.90,16.15,15.70,15.70,-0.40,30
104/06/24,5926,94519,15.95,15.95,15.95,15.95,+0.25,5
104/06/25,17469,281104,16.10,16.20,16.00,16.00,+0.05,18
104/06/26,15468,245888,16.05,16.05,15.80,16.00,0.00,14
104/06/29,58400,909029,15.60,15.70,15.40,15.70,-0.30,25
104/06/30,15202,238511,15.70,16.00,15.50,16.00,+0.30,13
104/07/01,42999,687283,16.00,16.15,15.90,16.15,+0.15,18
104/07/02,27110,432749,16.10,16.15,15.85,16.00,-0.15,9
104/07/03,37800,594150,15.75,15.75,15.65,15.65,-0.35,16
104/07/06,20140,319262,15.85,16.20,15.70,15.90,+0.25,13
104/07/07,25821,407339,15.90,15.90,15.70,15.85,-0.05,14
104/07/08,62851,975240,15.70,15.70,15.35,15.60,-0.25,23
104/07/09,73060,1119930,15.30,15.65,15.20,15.65,+0.05,47
104/07/13,65350,1019132,15.65,15.95,15.40,15.80,+0.15,30
104/07/14,24309,378066,15.55,15.65,15.50,15.60,-0.20,24
104/07/15,76782,1191471,15.50,15.60,15.40,15.60,0.00,44
104/07/16,63398,969779,15.45,15.50,15.20,15.50,-0.10,44
104/07/17,46185,704793,15.40,15.40,15.20,15.20,-0.30,36
104/07/20,101000,1520800,15.15,15.35,14.90,15.00,-0.20,49
104/07/21,73000,1066000,15.00,15.00,14.45,14.45,-0.55,48
104/07/22,61876,890202,14.50,14.65,14.20,14.65,+0.20,27
104/07/23,108800,1537650,14.55,14.60,13.55,14.00,-0.65,62
104/07/24,22741,317824,14.00,14.45,13.75,14.15,+0.15,20
104/07/27,55000,746200,13.70,13.75,13.05,13.60,-0.55,34
104/07/28,71000,953450,13.30,14.15,13.30,14.15,+0.55,45
104/07/29,8000,110600,13.60,14.15,13.60,14.15,0.00,6
104/07/30,37600,524470,14.00,14.20,13.75,14.20,+0.05,25
104/07/31,51600,709288,14.20,14.20,13.30,13.50,-0.70,34
104/08/03,240308,3062718,13.30,13.30,12.35,12.40,-1.10,90
104/08/04,79400,991929,12.40,12.80,12.25,12.35,-0.05,29
104/08/05,38120,473100,12.35,12.65,12.35,12.60,+0.25,18
104/08/06,30238,379372,12.30,12.85,12.30,12.85,+0.25,18
104/08/07,38000,476550,12.45,12.90,12.40,12.90,+0.05,24
104/08/10,5000,64100,12.70,12.90,12.70,12.90,0.00,5
104/08/11,46250,581400,13.00,13.10,12.25,12.70,-0.20,29
104/08/12,17000,216700,12.60,12.95,12.50,12.95,+0.25,14
104/08/13,12100,155465,12.75,13.05,12.75,13.05,+0.10,13
104/08/14,21000,277350,13.05,13.35,13.05,13.35,+0.30,19
104/08/17,16202,214796,13.35,13.40,13.20,13.20,-0.15,10
104/08/18,44000,564500,12.90,12.90,12.70,12.90,-0.30,17
104/08/19,33000,421300,12.85,13.15,12.60,13.15,+0.25,17
104/08/20,42100,553590,13.60,13.60,12.80,12.80,-0.35,21
104/08/21,97512,1208898,13.00,13.00,12.15,12.50,-0.30,38
104/08/24,207762,2375741,11.25,12.05,11.25,11.85,-0.65,66
104/08/25,117056,1302202,10.80,11.75,10.80,11.55,-0.30,32
104/08/26,104702,1186774,11.15,12.10,11.10,12.10,+0.55,30
104/08/27,45000,545600,12.20,12.20,12.00,12.10,0.00,28
104/08/28,42350,513435,12.20,12.20,12.00,12.20,+0.10,22
104/08/31,35000,432150,12.20,12.50,12.15,12.45,+0.25,23
104/09/01,15100,186995,12.35,12.55,12.30,12.55,+0.10,13
104/09/02,35000,424000,12.35,12.40,12.00,12.40,-0.15,20
104/09/03,37000,460550,12.60,12.60,12.30,12.45,+0.05,16
104/09/04,43084,534041,12.30,12.45,12.30,12.45,0.00,18
104/09/07,25000,312250,12.40,12.60,12.40,12.50,+0.05,16
104/09/08,72000,901750,12.70,12.70,12.25,12.50,0.00,26
104/09/09,51346,647440,12.50,12.70,12.50,12.70,+0.20,34
104/09/10,44000,551500,12.60,12.65,12.45,12.65,-0.05,14
104/09/11,36050,454240,12.20,12.70,12.20,12.70,+0.05,25
104/09/14,15060,190206,12.70,12.70,12.60,12.70,0.00,11
104/09/15,5001,63412,12.70,12.70,12.65,12.70,0.00,6
104/09/16,313050,4253390,12.95,13.95,12.95,13.90,+1.20,151
104/09/17,92010,1287691,14.10,14.35,13.70,14.05,+0.15,45
104/09/18,36021,503798,14.00,14.20,13.85,14.10,+0.05,26
104/09/21,97422,1354841,13.95,14.15,13.70,14.10,0.00,45
104/09/22,122798,1723180,14.05,14.15,13.95,14.10,0.00,76
104/09/23,113420,1590930,14.15,14.15,13.95,14.10,0.00,75
104/09/24,149150,2090152,14.00,14.15,13.90,14.05,-0.05,71
104/09/25,254371,3579765,14.00,14.90,13.80,14.70,+0.65,84
104/09/30,422342,6327959,14.70,15.30,14.30,15.05,+0.35,183
104/10/01,224421,3173444,14.00,14.30,13.85,14.10,,115
104/10/02,101285,1415654,14.10,14.20,13.80,13.85,-0.25,68
104/10/05,108916,1489198,13.80,13.80,13.60,13.60,-0.25,55
104/10/06,76010,1034421,13.55,13.70,13.55,13.60,0.00,47
104/10/07,26010,364940,14.20,14.20,13.80,14.05,+0.45,21
104/10/08,15000,207850,13.80,13.95,13.80,13.95,-0.10,10
104/10/12,12288,172132,13.90,14.15,13.70,14.15,+0.20,12
104/10/13,9162,128251,14.00,14.00,14.00,14.00,-0.15,6
104/10/14,23990,335010,13.85,14.10,13.70,14.10,+0.10,17
104/10/15,40600,564100,14.10,14.15,13.75,13.85,-0.25,22
104/10/16,18090,251914,13.95,14.00,13.80,14.00,+0.15,14
104/10/19,12683,175362,13.80,14.00,13.65,14.00,0.00,12
104/10/20,13000,179850,13.80,13.85,13.80,13.85,-0.15,6
104/10/21,17389,242906,14.15,14.15,13.80,14.00,+0.15,14
104/10/22,20131,281920,14.00,14.05,13.95,14.05,+0.05,20
104/10/23,21879,307206,14.00,14.20,14.00,14.10,+0.05,19
104/10/26,15458,218662,14.20,14.25,14.10,14.10,0.00,11
104/10/27,46959,660226,14.10,14.10,14.00,14.10,0.00,16
104/10/28,10283,144912,14.10,14.10,14.05,14.10,0.00,10
104/10/29,47000,658600,14.00,14.10,14.00,14.10,0.00,15
104/10/30,25240,355110,14.00,14.10,14.00,14.10,0.00,11
104/11/02,41504,594457,14.10,14.95,14.05,14.50,+0.40,26
104/11/03,59600,858369,14.80,14.80,14.35,14.35,-0.15,26
104/11/04,38819,559384,14.50,14.50,14.35,14.40,+0.05,20
104/11/05,106262,1517906,14.30,14.45,14.20,14.30,-0.10,31
104/11/06,75198,1075311,14.30,14.35,14.20,14.35,+0.05,27
104/11/09,143717,2171961,15.45,15.45,14.90,14.90,+0.55,74
104/11/10,34661,513931,14.70,14.95,14.70,14.85,-0.05,26
104/11/11,47424,700975,14.75,14.90,14.60,14.90,+0.05,27
104/11/12,34828,522037,15.00,15.15,14.65,15.00,+0.10,18
104/11/13,37214,552788,14.70,15.10,14.70,14.90,-0.10,35
104/11/16,35306,526058,14.80,15.00,14.70,14.90,0.00,16
104/11/17,31000,459750,14.80,14.95,14.70,14.90,0.00,22
104/11/18,40000,591100,14.85,14.85,14.70,14.80,-0.10,15
104/11/19,81605,1206853,14.85,14.85,14.60,14.80,0.00,39
104/11/20,64000,952600,14.85,14.95,14.85,14.85,+0.05,35
104/11/23,105000,1595500,14.90,15.55,14.90,15.45,+0.60,39
104/11/24,113950,1741039,15.30,15.35,15.20,15.30,-0.15,45
104/11/25,33039,501687,15.30,15.30,15.10,15.25,-0.05,19
104/11/26,19024,289060,15.10,15.30,15.10,15.25,0.00,17
104/11/27,25000,378800,15.20,15.20,15.10,15.20,-0.05,11
104/11/30,20117,303478,15.10,15.25,15.00,15.20,0.00,14
104/12/01,20512,311230,15.00,15.20,15.00,15.20,0.00,10
104/12/02,37720,575944,15.30,15.30,15.10,15.30,+0.10,15
104/12/03,18219,280478,15.40,15.45,15.30,15.35,+0.05,15
104/12/04,44000,666550,15.20,15.40,15.00,15.20,-0.15,36
104/12/07,19296,293090,15.20,15.40,15.15,15.15,-0.05,12
104/12/08,29475,446720,15.10,15.30,15.05,15.30,+0.15,23
104/12/09,89900,1358530,15.20,15.45,15.00,15.35,+0.05,35
104/12/10,65762,987682,15.35,15.35,14.90,15.30,-0.05,28
104/12/11,53306,799890,15.10,15.20,14.90,15.10,-0.20,30
104/12/14,49000,727750,15.00,15.00,14.60,14.90,-0.20,19
104/12/15,12191,183023,14.95,15.10,14.95,15.10,+0.20,12
104/12/16,59999,903635,15.00,15.15,14.90,15.10,0.00,13
104/12/17,44305,673005,15.20,15.20,15.00,15.10,0.00,13
104/12/18,21300,320700,15.10,15.10,14.90,15.10,0.00,13
104/12/21,8200,123018,14.95,15.10,14.95,15.10,0.00,8
104/12/22,85600,1278700,15.05,15.10,14.90,15.10,0.00,17
104/12/23,33102,493330,14.95,15.05,14.85,15.05,-0.05,18
104/12/24,11015,165925,14.95,15.15,14.95,15.10,+0.05,7
104/12/25,17360,259364,14.90,15.10,14.90,15.00,-0.10,9
104/12/28,57000,845800,15.00,15.00,14.75,14.90,-0.10,22
104/12/29,19512,289977,14.80,14.95,14.80,14.95,+0.05,9
104/12/30,13373,200157,14.95,15.00,14.95,15.00,+0.05,8
104/12/31,20014,297808,15.00,15.00,14.75,15.00,0.00,15
105/01/04,13665,202475,14.90,14.90,14.80,14.80,-0.20,8
105/01/05,49330,733400,14.70,15.10,14.65,15.10,+0.30,19
105/01/06,21088,314111,14.90,15.00,14.85,15.00,-0.10,14
105/01/07,81000,1193850,14.80,15.00,14.70,15.00,0.00,22
105/01/08,11799,177285,15.00,15.10,14.90,15.10,+0.10,7
105/01/11,27000,406000,15.10,15.10,14.90,15.00,-0.10,11
105/01/12,15693,231436,14.70,14.95,14.70,14.80,-0.20,13
105/01/13,9086,135072,14.80,14.95,14.80,14.95,+0.15,6
105/01/14,13000,191850,14.60,14.90,14.55,14.90,-0.05,9
105/01/15,54440,814351,14.95,15.10,14.65,15.05,+0.15,25
105/01/18,10000,149200,14.55,15.05,14.55,15.05,0.00,8
105/01/19,76600,1126770,14.75,15.00,14.60,14.85,-0.20,33
105/01/20,40441,605020,14.85,15.00,14.80,15.00,+0.15,26
105/01/21,70999,1060733,15.00,15.00,14.70,14.95,-0.05,35
105/01/22,23000,344200,14.95,15.00,14.95,15.00,+0.05,16
105/01/25,4999,75285,15.00,15.10,15.00,15.10,+0.10,7
105/01/26,25383,382702,15.00,15.10,15.00,15.10,0.00,13
105/01/27,48497,733654,15.15,15.20,15.05,15.10,0.00,11
105/01/28,60180,912800,15.00,15.20,15.00,15.10,0.00,14
105/01/29,10451,158109,15.25,15.25,15.05,15.20,+0.10,10
105/01/30,15000,227550,15.20,15.25,15.10,15.25,+0.05,11
105/02/01,24120,362700,15.05,15.25,15.00,15.15,-0.10,16
105/02/02,26478,398617,14.90,15.20,14.90,15.20,+0.05,22
105/02/03,19438,292020,15.15,15.15,14.85,15.15,-0.05,14
105/02/15,3000,45450,15.15,15.15,15.15,15.15,0.00,3
105/02/16,49180,736118,14.95,15.20,14.85,15.20,+0.05,26
105/02/17,117260,1786726,15.05,15.40,15.05,15.40,+0.20,31
105/02/18,38192,588005,15.55,15.55,15.25,15.50,+0.10,25
105/02/19,0,0,---,---,---,---,---,0
105/02/22,20475,310770,15.35,15.35,15.10,15.30,-0.15,12
105/02/23,24259,369936,15.30,15.30,15.20,15.30,0.00,13
105/02/24,37315,567637,15.30,15.35,15.05,15.30,0.00,21
105/02/25,12000,183150,15.25,15.30,15.25,15.30,0.00,9
105/02/26,8000,122650,15.30,15.35,15.30,15.35,+0.05,6
105/03/01,38306,589061,15.35,15.50,15.25,15.50,+0.15,20
105/03/02,189123,2961598,15.50,16.00,15.50,16.00,+0.50,79
105/03/03,31120,494696,16.00,16.00,15.70,15.90,-0.10,21
105/03/04,365517,6055129,15.70,17.15,15.70,16.70,+0.80,145
105/03/07,205562,3493088,16.75,17.15,16.75,16.95,+0.25,100
105/03/08,138999,2360683,17.00,17.10,16.90,17.10,+0.15,58
105/03/09,98865,1666808,16.90,17.00,16.75,16.80,-0.30,46
105/03/10,141136,2376813,16.80,17.00,16.65,16.85,+0.05,59
105/03/11,109277,1837523,17.00,17.00,16.70,16.85,0.00,39
105/03/14,59964,1005997,16.85,16.85,16.75,16.85,0.00,35
105/03/15,280551,4803667,16.80,17.50,16.75,17.15,+0.30,107
105/03/16,50614,858575,17.20,17.20,16.85,17.05,-0.10,30
105/03/17,170240,2923351,17.05,17.35,16.95,17.25,+0.20,57
105/03/18,173628,3015513,17.35,17.40,17.15,17.40,+0.15,66
105/03/21,91360,1580678,17.20,17.40,17.15,17.40,0.00,44
105/03/22,40020,689544,17.30,17.40,17.15,17.30,-0.10,21
105/03/23,40068,685037,17.10,17.30,17.00,17.15,-0.15,26
105/03/24,37413,637421,17.00,17.15,17.00,17.10,-0.05,18
105/03/25,17606,299341,17.10,17.10,16.95,17.05,-0.05,9
105/03/28,80719,1372150,17.00,17.20,16.85,17.00,-0.05,41
105/03/29,98600,1650409,16.90,17.00,16.60,16.75,-0.25,39
105/03/30,92672,1560489,16.60,16.90,16.60,16.90,+0.15,28
105/03/31,31000,519650,16.65,16.95,16.65,16.90,0.00,19
105/04/01,54000,898650,16.65,16.75,16.60,16.60,-0.30,18
105/04/06,13042,217392,16.65,16.75,16.65,16.65,+0.05,13
105/04/07,67999,1132233,16.65,16.75,16.50,16.75,+0.10,16
105/04/08,21060,353202,16.75,16.80,16.75,16.80,+0.05,18
105/04/11,20300,340160,16.60,16.85,16.60,16.80,0.00,12
105/04/12,72204,1205827,16.80,16.90,16.55,16.90,+0.10,25
105/04/13,2000,33800,16.90,16.90,16.90,16.90,0.00,2
105/04/14,105300,1780234,16.90,17.00,16.65,17.00,+0.10,23
105/04/15,3251,55203,16.95,17.00,16.95,17.00,0.00,5
105/04/18,4002,67933,17.00,17.00,16.95,17.00,0.00,4
105/04/19,12010,202868,17.00,17.00,16.80,16.95,-0.05,9
105/04/20,63640,1068488,16.90,17.00,16.65,16.80,-0.15,41
105/04/21,21356,360230,16.80,16.95,16.80,16.95,+0.15,21
105/04/22,71073,1204083,16.90,17.05,16.80,17.05,+0.10,38
105/04/25,53000,902350,17.05,17.10,16.95,17.05,0.00,27
105/04/26,30300,514670,17.00,17.00,16.90,17.00,-0.05,23
105/04/27,21000,356400,17.00,17.00,16.95,17.00,0.00,11
105/04/28,118360,2022970,17.00,17.10,16.95,17.10,+0.10,40
105/04/29,22780,387532,17.10,17.10,17.00,17.05,-0.05,18
105/05/03,159129,2717643,17.00,17.15,17.00,17.15,+0.10,39
105/05/04,76480,1310110,17.20,17.20,17.10,17.10,-0.05,36
105/05/05,226401,3896567,17.10,17.30,17.10,17.20,+0.10,65
105/05/06,29180,497892,17.25,17.25,17.00,17.00,-0.20,19
105/05/09,21178,360108,17.00,17.05,16.95,17.05,+0.05,14
105/05/10,36120,615690,17.00,17.10,17.00,17.10,+0.05,12
105/05/11,24000,408550,17.00,17.10,16.80,17.10,0.00,10
105/05/12,16121,274044,17.00,17.10,16.90,17.00,-0.10,12
105/05/13,74100,1252030,17.00,17.00,16.80,16.90,-0.10,34
105/05/16,40005,673484,16.85,17.00,16.70,17.00,+0.10,19
105/05/17,44742,753739,16.90,17.00,16.80,17.00,0.00,24
105/05/18,50999,858682,16.90,16.95,16.80,16.95,-0.05,25
105/05/19,41300,695920,16.85,17.00,16.75,17.00,+0.05,20
105/05/20,12102,205123,16.95,17.00,16.85,17.00,0.00,9
105/05/23,39001,658066,16.85,16.95,16.85,16.95,-0.05,20
105/05/24,30001,506616,16.95,16.95,16.80,16.90,-0.05,17
105/05/25,47915,803921,16.90,16.95,16.65,16.95,+0.05,29
105/05/26,40999,688631,16.95,16.95,16.70,16.95,0.00,24
105/05/27,16634,280749,16.95,16.95,16.80,16.90,-0.05,18
105/05/30,16144,272469,16.90,16.90,16.80,16.90,0.00,11
105/05/31,8000,134850,16.90,16.90,16.80,16.85,-0.05,5
105/06/01,16060,271005,16.90,16.90,16.85,16.85,0.00,11
105/06/02,11948,201225,16.85,16.90,16.75,16.90,+0.05,11
105/06/03,15042,253201,16.85,16.85,16.80,16.85,-0.05,10
105/06/04,19000,319750,16.85,16.85,16.80,16.85,0.00,14
105/06/06,13513,226766,16.85,16.85,16.75,16.80,-0.05,11
105/06/07,54000,900600,16.80,16.85,16.60,16.85,+0.05,27
105/06/08,19000,320500,16.90,16.90,16.85,16.85,0.00,12
105/06/13,31200,519490,16.80,16.80,16.55,16.80,-0.05,21
105/06/14,13240,221883,16.80,16.80,16.70,16.75,-0.05,12
105/06/15,27395,457715,16.70,16.80,16.60,16.75,0.00,19
105/06/16,23000,388600,16.90,16.90,16.85,16.85,+0.10,10
105/06/17,28405,478513,16.85,16.85,16.80,16.85,0.00,15
105/06/20,36431,614933,16.85,17.00,16.70,17.00,+0.15,18
105/06/21,49678,844457,17.00,17.00,17.00,17.00,0.00,27
105/06/22,23200,391330,17.00,17.00,16.80,17.00,0.00,14
105/06/23,28600,481190,17.00,17.00,16.70,17.00,0.00,19
105/06/24,34135,571568,16.95,16.95,16.70,16.90,-0.10,22
105/06/27,14000,234250,16.60,16.85,16.55,16.85,-0.05,11
105/06/28,5042,85055,16.85,16.90,16.85,16.90,+0.05,5
105/06/29,8000,134300,16.65,16.95,16.65,16.95,+0.05,7
105/06/30,9089,153595,16.90,16.90,16.90,16.90,-0.05,6
105/07/01,19120,322016,16.90,16.90,16.80,16.90,0.00,13
105/07/04,13754,231766,16.85,16.90,16.80,16.90,0.00,11
105/07/05,14360,241562,16.90,16.90,16.80,16.80,-0.10,12
105/07/06,20042,337705,16.80,16.90,16.80,16.90,+0.10,10
105/07/07,129042,2178251,16.80,16.90,16.75,16.85,-0.05,26
105/07/11,13995,234915,16.80,16.90,16.70,16.90,+0.05,13
105/07/12,81758,1384809,16.90,17.00,16.90,17.00,+0.10,27
105/07/13,50884,861088,16.80,17.00,16.80,17.00,0.00,27
105/07/14,17307,292956,17.00,17.00,16.85,16.90,-0.10,12
105/07/15,141278,2355286,16.90,16.90,16.60,16.65,-0.25,45
105/07/18,11000,184350,16.60,16.90,16.60,16.90,+0.25,9
105/07/19,4084,69211,16.95,16.95,16.95,16.95,+0.05,4
105/07/20,3401,57596,16.90,16.95,16.90,16.95,0.00,6
105/07/21,38120,646734,16.95,17.00,16.95,16.95,0.00,19
105/07/22,6000,101400,16.90,16.90,16.90,16.90,-0.05,2
105/07/25,31112,524781,16.85,16.95,16.85,16.95,+0.05,17
105/07/26,60999,1035633,16.90,17.00,16.90,17.00,+0.05,29
105/07/27,20701,351046,17.00,17.00,16.90,17.00,0.00,19
105/07/28,16012,271201,16.90,17.00,16.90,17.00,0.00,11
105/07/29,19000,321400,16.90,17.00,16.80,17.00,0.00,12
105/08/01,39248,663666,17.00,17.00,16.90,16.90,-0.10,17
105/08/02,3084,52111,16.90,16.90,16.90,16.90,0.00,3
105/08/03,86838,1471910,16.80,17.05,16.80,17.05,+0.15,28
105/08/04,85344,1451713,17.05,17.05,17.00,17.00,-0.05,25
105/08/05,33538,570096,17.00,17.00,16.95,17.00,0.00,19
105/08/08,24042,405705,17.00,17.00,16.85,16.90,-0.10,14
105/08/09,2000,33900,16.95,16.95,16.95,16.95,+0.05,2
105/08/10,29000,487000,17.00,17.00,16.70,17.00,+0.05,22
105/08/11,28000,473400,17.00,17.00,16.80,16.80,-0.20,14
105/08/12,116424,1970265,16.80,17.05,16.75,17.05,+0.25,48
105/08/15,38623,655128,17.00,17.00,16.90,17.00,-0.05,14
105/08/16,13663,231853,17.00,17.00,16.90,17.00,0.00,11
105/08/17,19120,323715,17.00,17.00,16.90,16.90,-0.10,10
105/08/18,11000,186300,16.90,17.00,16.90,17.00,+0.10,8
105/08/19,14873,252403,17.00,17.00,16.95,16.95,-0.05,13
105/08/22,28512,482502,16.90,17.00,16.85,17.00,+0.05,15
105/08/23,32921,558264,17.00,17.00,16.90,17.00,0.00,18
105/08/24,27120,459416,17.00,17.00,16.90,16.90,-0.10,17
105/08/25,17000,288100,17.00,17.00,16.90,17.00,+0.10,12
105/08/26,15100,256550,17.00,17.00,16.95,17.00,0.00,13
105/08/29,34305,582227,17.00,17.00,16.95,17.00,0.00,22
105/08/30,85740,1456880,17.00,17.00,16.95,17.00,0.00,36
105/08/31,85371,1449886,17.00,17.00,16.95,17.00,0.00,50
105/09/01,238872,3969025,16.50,16.70,16.50,16.70,,79
105/09/02,66000,1107600,16.70,16.85,16.70,16.85,+0.15,30
105/09/05,48127,813283,16.90,16.95,16.85,16.95,+0.10,27
105/09/06,54337,920511,16.95,16.95,16.90,16.95,0.00,29
105/09/07,15300,259240,16.95,16.95,16.90,16.95,0.00,10
105/09/08,18304,310056,16.95,16.95,16.90,16.95,0.00,13
105/09/09,31000,524350,16.95,16.95,16.90,16.95,0.00,15
105/09/10,48383,819522,16.95,17.00,16.90,17.00,+0.05,30
105/09/12,16512,280177,17.00,17.00,16.95,16.95,-0.05,9
105/09/13,55000,932800,16.95,17.00,16.95,17.00,+0.05,25
105/09/14,153120,2575940,17.00,17.00,16.70,16.95,-0.05,59
105/09/19,23341,392829,16.95,16.95,16.75,16.85,-0.10,13
105/09/20,89613,1520705,17.00,17.00,16.90,16.95,+0.10,25
105/09/21,153798,2605635,16.95,17.05,16.80,17.05,+0.10,45
105/09/22,71324,1207059,17.00,17.00,16.90,16.95,-0.10,26
105/09/23,31149,526767,16.95,17.00,16.85,17.00,+0.05,22
105/09/26,38190,647809,17.00,17.00,16.90,17.00,0.00,19
105/09/29,67886,1149534,17.00,17.00,16.90,16.95,-0.05,24
105/09/30,80154,1356087,16.95,17.00,16.80,16.95,0.00,35
105/10/03,130009,2205999,17.00,17.00,16.80,17.00,+0.05,48
105/10/04,90899,1549733,17.00,17.10,16.95,17.10,+0.10,26
105/10/05,74170,1266122,17.00,17.10,17.00,17.05,-0.05,19
105/10/06,103149,1778276,17.05,17.50,17.00,17.45,+0.40,51
105/10/07,368122,6600314,17.60,18.20,17.60,18.00,+0.55,177
105/10/11,113102,2005655,18.20,18.20,17.55,17.85,-0.15,46
105/10/12,94872,1706120,18.00,18.00,17.90,17.90,+0.05,30
105/10/13,83501,1470467,18.15,18.15,17.40,17.75,-0.15,45
105/10/14,27162,472918,17.40,17.55,17.30,17.50,-0.25,21
105/10/17,21190,372644,17.50,17.75,17.25,17.75,+0.25,14
105/10/18,34999,613082,17.80,17.80,17.30,17.65,-0.10,21
105/10/19,32560,570699,17.65,17.65,17.50,17.65,0.00,16
105/10/20,22084,390428,17.65,17.75,17.65,17.70,+0.05,11
105/10/21,31300,555280,17.75,17.80,17.70,17.75,+0.05,18
105/10/24,23183,406320,17.50,17.70,17.50,17.70,-0.05,17
105/10/25,55419,977174,17.75,17.75,17.50,17.70,0.00,23
105/10/26,41493,726827,17.50,17.65,17.50,17.65,-0.05,21
105/10/27,5200,91700,17.60,17.65,17.60,17.65,0.00,5
105/10/28,13734,240345,17.50,17.60,17.45,17.60,-0.05,11
105/10/31,4264,74870,17.45,17.60,17.45,17.60,0.00,4
105/11/01,12745,223337,17.50,17.65,17.50,17.65,+0.05,5
105/11/02,19367,337849,17.50,17.50,17.30,17.45,-0.20,9
105/11/03,35120,614125,17.45,17.70,17.45,17.45,0.00,24
105/11/04,33360,580278,17.45,17.50,17.30,17.45,0.00,14
105/11/07,66655,1164147,17.45,17.65,17.35,17.50,+0.05,26
105/11/08,11024,192065,17.40,17.45,17.40,17.45,-0.05,8
105/11/09,35000,595600,17.25,17.35,16.60,17.35,-0.10,22
105/11/10,2383,41702,17.35,17.65,17.35,17.65,+0.30,3
105/11/11,20000,346750,17.35,17.45,17.30,17.45,-0.20,11
105/11/14,23140,400922,17.30,17.50,17.20,17.40,-0.05,15
105/11/15,57026,968692,17.30,17.30,16.75,17.15,-0.25,37
105/11/16,20882,359070,16.90,17.35,16.90,17.35,+0.20,15
105/11/17,13000,220750,17.05,17.25,16.90,16.90,-0.45,8
105/11/18,32999,559282,17.00,17.00,16.85,17.00,+0.10,18
105/11/21,14000,237850,17.00,17.05,16.90,17.05,+0.05,10
105/11/22,57442,975514,17.00,17.20,16.80,17.15,+0.10,33
105/11/23,51193,872081,17.00,17.15,17.00,17.15,0.00,28
105/11/24,36738,635815,17.15,17.50,17.15,17.40,+0.25,23
105/11/25,11180,191778,17.10,17.20,17.10,17.20,-0.20,9
105/11/28,10000,171000,17.10,17.15,17.05,17.15,-0.05,8
105/11/29,9042,154464,17.05,17.15,17.05,17.15,0.00,6
105/11/30,30820,524685,17.05,17.15,16.90,17.15,0.00,22
105/12/01,32300,551880,17.00,17.25,17.00,17.25,+0.10,20
105/12/02,15102,257523,17.05,17.30,17.00,17.00,-0.25,12
105/12/05,17060,292676,17.00,17.20,17.00,17.20,+0.20,14
105/12/06,1770,30416,17.25,17.25,17.25,17.25,+0.05,5
105/12/07,0,0,---,---,---,---,---,0
105/12/08,33060,562164,17.05,17.05,17.00,17.00,-0.20,16
105/12/09,13999,238983,17.00,17.20,17.00,17.20,+0.20,12
105/12/12,20777,362541,17.50,17.80,17.20,17.40,+0.20,19
105/12/13,4000,69200,17.30,17.30,17.30,17.30,-0.10,4
105/12/14,21000,359450,17.15,17.25,17.05,17.25,-0.05,11
105/12/15,8,136,---,---,---,---,---,1
105/12/16,38136,653475,17.20,17.25,17.00,17.25,0.00,23
105/12/19,19000,323150,17.05,17.05,17.00,17.00,-0.25,12
105/12/20,36172,615374,17.05,17.10,17.00,17.10,+0.10,17
105/12/21,1000,17100,17.10,17.10,17.10,17.10,0.00,1
105/12/22,13000,221800,17.00,17.20,17.00,17.20,+0.10,8
105/12/23,29169,498056,17.10,17.30,17.00,17.30,+0.10,14
105/12/26,20342,348448,17.10,17.25,17.10,17.25,-0.05,13
105/12/27,9102,156254,17.10,17.30,17.10,17.30,+0.05,8
105/12/28,1660,28652,17.30,17.30,17.30,17.30,0.00,2
105/12/29,16000,276800,17.30,17.30,17.30,17.30,0.00,8
105/12/30,3781,64982,17.05,17.25,17.05,17.25,-0.05,7
106/01/03,65865,1125890,17.10,17.20,17.00,17.20,-0.05,19
106/01/04,45740,781656,17.10,17.10,17.05,17.05,-0.15,7
106/01/05,70402,1219874,17.05,17.70,17.05,17.25,+0.20,35
106/01/06,112969,1924019,17.25,17.25,16.70,17.25,0.00,79
106/01/09,64067,1086631,17.10,17.10,16.90,17.05,-0.20,40
106/01/10,26621,453193,17.05,17.10,17.00,17.05,0.00,15
106/01/11,111999,1868383,17.00,17.00,16.50,16.65,-0.40,55
106/01/12,32000,533700,16.75,16.75,16.65,16.70,+0.05,17
106/01/13,16000,267200,16.70,16.70,16.70,16.70,0.00,11
106/01/16,40000,667100,16.70,16.95,16.60,16.75,+0.05,17
106/01/17,56000,936700,16.75,16.75,16.70,16.75,0.00,20
106/01/18,54520,911731,16.75,16.75,16.70,16.75,0.00,28
106/01/19,72334,1209244,16.75,16.75,16.65,16.75,0.00,32
106/01/20,14140,236174,16.75,16.75,16.60,16.75,0.00,11
106/01/23,37387,624823,16.75,16.75,16.65,16.75,0.00,13
106/01/24,38000,633050,16.75,16.75,16.60,16.65,-0.10,18
106/02/02,43180,712452,16.65,16.65,16.40,16.55,-0.10,27
106/02/03,56577,920838,16.50,16.50,16.10,16.25,-0.30,31
106/02/06,160189,2614756,15.90,16.80,15.90,16.80,+0.55,56
106/02/07,10776,182036,16.90,16.90,16.90,16.90,+0.10,9
106/02/08,25591,428737,16.55,16.90,16.50,16.75,-0.15,18
106/02/09,29000,479500,16.50,16.75,16.45,16.75,0.00,13
106/02/10,39000,645800,16.50,16.75,16.45,16.75,0.00,19
106/02/13,52000,860650,16.55,16.80,16.50,16.55,-0.20,24
106/02/14,38452,634652,16.55,16.70,16.40,16.70,+0.15,25
106/02/15,24766,409463,16.50,16.65,16.50,16.65,-0.05,22
106/02/16,40044,665526,16.70,16.75,16.50,16.60,-0.05,18
106/02/17,7581,124678,16.45,16.50,16.40,16.50,-0.10,7
106/02/18,32999,540433,16.35,16.50,16.35,16.45,-0.05,13
106/02/20,16000,262450,16.40,16.45,16.40,16.45,0.00,3
106/02/21,25000,409600,16.40,16.70,16.25,16.50,+0.05,10
106/02/22,1000,16450,16.45,16.45,16.45,16.45,-0.05,1
106/02/23,12586,206709,16.40,16.50,16.40,16.50,+0.05,9
106/02/24,18290,299434,16.40,16.50,16.35,16.50,0.00,11
106/03/01,49147,794880,16.35,16.35,16.00,16.35,-0.15,41
106/03/02,48458,780549,16.10,16.20,16.05,16.15,-0.20,28
106/03/03,27102,439022,16.00,16.50,16.00,16.50,+0.35,15
106/03/06,13000,211250,16.20,16.35,16.15,16.35,-0.15,9
106/03/07,55233,895678,16.50,16.90,16.05,16.10,-0.25,34
106/03/08,5000,82500,16.60,16.60,16.45,16.45,+0.35,5
106/03/09,10494,171451,16.20,16.45,16.20,16.45,0.00,10
106/03/10,54660,879742,16.25,16.30,16.00,16.30,-0.15,29
106/03/13,16000,258850,16.20,16.30,16.10,16.10,-0.20,11
106/03/14,42537,681342,16.05,16.10,16.00,16.10,0.00,23
106/03/15,76000,1231450,16.00,16.50,16.00,16.25,+0.15,33
106/03/16,141001,2263866,16.10,16.35,16.00,16.15,-0.10,47
106/03/17,124914,2003420,16.05,16.45,15.95,16.45,+0.30,41
106/03/20,33880,545817,16.15,16.20,16.05,16.20,-0.25,25
106/03/21,1000,16050,16.05,16.05,16.05,16.05,-0.15,1
106/03/22,5400,86650,16.05,16.05,16.05,16.05,0.00,6
106/03/23,11481,185989,16.00,16.30,16.00,16.30,+0.25,10
106/03/24,148600,2423870,16.30,16.50,16.00,16.35,+0.05,60
106/03/27,30512,488215,16.10,16.10,15.95,15.95,-0.40,21
106/03/28,68149,1098784,15.80,16.20,15.75,16.20,+0.25,33
106/03/29,29571,483186,16.35,16.50,16.10,16.15,-0.05,19
106/03/30,45024,727788,16.00,16.35,15.90,16.30,+0.15,30
106/03/31,15001,241766,16.10,16.20,16.05,16.20,-0.10,9
106/04/05,21147,344391,16.20,16.50,16.20,16.50,+0.30,9
106/04/06,39388,638874,16.20,16.45,16.05,16.45,-0.05,31
106/04/07,79342,1277922,16.10,16.35,16.00,16.10,-0.35,44
106/04/10,131021,2101336,16.10,16.20,16.00,16.15,+0.05,21
106/04/11,40000,642150,16.10,16.20,15.90,16.20,+0.05,20
106/04/12,24060,390472,16.25,16.30,16.05,16.30,+0.10,13
106/04/13,22478,361995,16.10,16.20,16.05,16.20,-0.10,17
106/04/14,9000,144400,15.95,16.15,15.95,16.15,-0.05,7
106/04/17,12000,192700,16.00,16.10,16.00,16.10,-0.05,8
106/04/18,129011,2072277,16.30,16.30,15.95,16.20,+0.10,36
106/04/19,27010,432111,16.00,16.20,15.95,16.20,0.00,18
106/04/20,12033,192274,16.05,16.05,15.95,15.95,-0.25,10
106/04/21,26010,414157,16.00,16.00,15.90,15.90,-0.05,14
106/04/24,70511,1125667,16.20,16.20,15.95,15.95,+0.05,22
106/04/25,81042,1295437,16.20,16.20,15.95,16.05,+0.10,50
106/04/26,1000,16150,16.15,16.15,16.15,16.15,+0.10,1
106/04/27,5479,87614,15.95,16.15,15.95,16.15,0.00,4
106/04/28,27000,430000,16.00,16.00,15.85,15.85,-0.30,16
106/05/02,15000,238100,15.90,16.10,15.80,15.85,0.00,12
106/05/03,24168,381120,15.80,16.00,15.80,15.80,-0.05,15
106/05/04,10169,161137,15.75,16.05,15.75,16.05,+0.25,11
106/05/05,36063,587158,16.10,16.50,16.10,16.15,+0.10,19
106/05/08,16000,258650,15.95,16.30,15.95,16.30,+0.15,8
106/05/09,33115,532101,16.05,16.25,16.00,16.25,-0.05,12
106/05/10,41908,675859,16.25,16.30,16.00,16.30,+0.05,24
106/05/11,10000,161700,16.05,16.30,16.00,16.30,0.00,7
106/05/12,61000,984350,16.10,16.25,16.05,16.20,-0.10,20
106/05/15,28000,449950,16.20,16.20,16.00,16.05,-0.15,16
106/05/16,19045,305620,15.95,16.10,15.95,16.10,+0.05,13
106/05/17,13086,210476,16.10,16.15,16.00,16.15,+0.05,9
106/05/18,27000,431700,16.05,16.05,15.95,16.00,-0.15,16
106/05/19,15000,239700,16.00,16.10,15.90,16.10,+0.10,9
106/05/22,1020,15401,---,---,---,---,-16.10,3
106/05/23,23020,366064,15.90,16.10,15.85,15.85,-0.25,17
106/05/24,14300,226590,16.05,16.05,15.80,15.90,+0.05,14
106/05/25,17000,268600,15.80,16.00,15.75,15.80,-0.10,16
106/05/26,7000,110700,15.90,15.90,15.70,15.70,-0.10,5
106/05/31,1358,21606,15.95,15.95,15.95,15.95,+0.25,3
106/06/01,31120,487472,15.75,15.75,15.60,15.75,-0.20,21
106/06/02,13356,208638,15.60,15.70,15.60,15.60,-0.15,11
106/06/03,8350,133165,15.60,16.00,15.60,16.00,+0.40,6
106/06/05,36000,565450,15.75,15.85,15.65,15.75,-0.25,15
106/06/06,32975,512362,15.65,15.65,15.45,15.60,-0.15,30
106/06/07,24572,381623,15.50,15.70,15.50,15.70,+0.10,16
106/06/08,16047,252196,15.50,16.00,15.50,16.00,+0.30,16
106/06/09,36000,563700,15.70,15.70,15.50,15.50,-0.50,14
106/06/12,80635,1277895,15.70,16.00,15.60,16.00,+0.50,34
106/06/21,89000,1482400,16.60,16.75,16.60,16.75,+0.15,28
106/09/12,28102,491774,17.90,17.90,17.45,17.50,-0.25,15
106/09/13,40563,705645,17.50,17.50,17.25,17.50,0.00,30
106/09/15,17300,305500,17.50,17.75,17.50,17.65,+0.15,13
106/09/18,20060,350238,17.50,17.50,17.40,17.40,-0.25,14
106/09/20,21678,384099,17.50,17.80,17.50,17.80,+0.15,18
106/09/21,8144,143484,17.50,17.75,17.50,17.75,-0.05,9
106/09/22,6410,112815,17.50,17.70,17.50,17.70,-0.05,8
106/09/25,13000,228400,17.50,17.65,17.50,17.65,-0.05,10
106/09/26,20378,357227,17.60,17.65,17.50,17.50,-0.15,16
106/09/27,22000,386950,17.70,17.70,17.50,17.65,+0.15,8
106/09/28,14988,262740,17.55,17.70,17.50,17.65,0.00,10
106/09/29,17060,299000,17.50,17.65,17.50,17.65,0.00,9
106/09/30,4127,72622,17.55,17.65,17.55,17.65,0.00,5
106/10/03,0,0,---,---,---,---,---,0
106/10/06,25051,438518,17.60,17.60,17.50,17.60,-0.15,16
106/10/11,11772,206032,17.60,17.60,17.50,17.50,-0.10,9
106/10/12,14019,244928,17.50,17.50,17.40,17.45,-0.05,10
106/10/13,35892,628520,17.50,17.60,17.50,17.50,+0.05,19
106/10/16,6265,110513,17.90,17.90,17.50,17.70,+0.20,10
106/10/17,21634,380288,17.60,17.85,17.50,17.80,+0.10,15
106/10/18,10700,187884,17.55,17.65,17.55,17.65,-0.15,11
106/10/19,13400,234639,17.50,17.60,17.50,17.60,-0.05,8
106/10/20,3000,52700,17.60,17.60,17.55,17.55,-0.05,3
106/10/23,10000,175050,17.50,17.55,17.50,17.55,0.00,7
106/10/24,3717,65697,17.75,17.75,17.65,17.65,+0.10,3
106/10/27,32000,563750,17.50,17.90,17.50,17.75,+0.10,15
106/10/30,9575,169070,17.55,17.75,17.55,17.75,0.00,9
106/11/01,7000,123100,17.55,17.60,17.55,17.60,+0.05,3
106/11/02,3380,59350,17.60,17.60,17.50,17.60,0.00,4
106/11/03,13544,238236,17.60,17.75,17.50,17.75,+0.15,12
106/11/08,4000,70900,17.70,17.75,17.70,17.75,+0.15,4
106/11/09,12000,212800,17.75,17.80,17.60,17.75,0.00,9
106/11/13,18000,321398,17.60,18.00,17.60,17.95,+0.10,14
106/11/14,73179,1335572,18.55,18.55,18.00,18.10,+0.15,47
106/11/20,41000,736950,17.90,18.20,17.85,17.95,+0.05,20
106/11/21,15999,284182,17.80,17.90,17.70,17.90,-0.05,15
106/11/22,27618,493300,18.00,18.00,17.80,17.90,0.00,11
106/11/24,6999,124780,17.75,17.90,17.75,17.90,+0.05,9
106/11/27,160240,2901094,18.00,18.45,18.00,18.25,+0.35,53
106/11/28,119140,2197732,18.30,18.70,18.25,18.55,+0.30,62
106/11/29,90710,1698026,19.70,19.70,18.30,18.90,+0.35,53
106/11/30,45002,822986,18.45,18.60,18.15,18.55,-0.35,34
106/12/01,54507,999030,18.15,18.70,18.15,18.70,+0.15,35
106/12/04,6042,114189,18.40,19.00,18.40,19.00,+0.30,7
106/12/06,29000,541400,18.90,18.90,18.40,18.70,-0.20,13
106/12/07,33212,606722,18.10,18.60,18.10,18.60,-0.10,25
106/12/08,64175,1169905,18.15,18.75,17.70,18.75,+0.15,35
106/12/11,60,1014,---,---,---,---,---,1
106/12/12,69246,1256330,18.35,18.55,18.00,18.55,-0.15,49
106/12/13,4727,86904,18.40,18.40,18.40,18.40,-0.15,7
106/12/14,28138,518089,18.40,18.55,18.25,18.50,+0.10,11
106/12/15,2141,39608,18.50,18.50,18.50,18.50,0.00,3
106/12/19,39706,724290,18.35,18.50,18.10,18.50,+0.15,29
106/12/20,16324,299461,18.30,18.50,18.30,18.50,0.00,13
106/12/21,14000,258150,18.50,18.50,18.30,18.40,-0.10,8
106/12/22,17226,315258,18.30,18.50,18.15,18.50,+0.10,13
106/12/25,29102,537087,18.50,18.65,18.40,18.65,+0.15,19
106/12/26,20000,370400,18.60,18.60,18.50,18.55,-0.10,11
106/12/28,19238,363524,19.00,19.00,18.70,19.00,0.00,14
106/12/29,28390,541010,18.80,19.20,18.80,19.20,+0.20,24
107/01/02,26000,492100,19.00,19.20,18.85,19.00,-0.20,15
107/01/03,4420,84137,18.90,19.10,18.90,19.10,+0.10,6
107/01/04,23307,446183,19.10,19.20,19.10,19.20,+0.10,20
107/01/05,15102,287817,19.20,19.20,19.00,19.00,-0.20,10
107/01/08,10000,189300,19.00,19.00,18.90,19.00,0.00,8
107/01/09,15558,292634,18.80,19.00,18.70,18.90,-0.10,10
107/01/10,33387,624025,18.75,18.95,18.50,18.95,+0.05,26
107/01/11,1900,35920,19.00,19.00,19.00,19.00,+0.05,3
107/01/12,8389,159013,19.00,19.00,18.70,19.00,0.00,9
107/01/15,4280,80336,18.75,18.85,18.75,18.85,-0.15,6
107/01/16,14803,276935,18.85,18.85,18.65,18.70,-0.15,14
107/01/17,20002,372837,18.65,18.75,18.55,18.75,+0.05,10
107/01/18,34888,645916,18.55,18.70,18.45,18.70,-0.05,23
107/01/19,14757,275630,18.50,18.80,18.50,18.75,+0.05,14
107/01/22,14330,265937,18.60,18.60,18.50,18.60,-0.15,15
107/01/23,18638,350343,18.50,18.95,18.50,18.95,+0.35,14
107/01/24,13516,254129,18.65,18.90,18.65,18.90,-0.05,14
107/01/26,2385,44241,18.55,18.55,18.55,18.55,-0.10,5
107/01/31,27000,501550,18.50,18.80,18.40,18.80,+0.10,19
107/02/01,22212,411982,18.50,18.65,18.50,18.55,-0.25,11
107/02/02,7000,129650,18.50,18.65,18.50,18.50,-0.05,4
107/02/05,13060,242414,18.50,18.90,18.50,18.70,+0.20,11
107/02/06,50000,901700,18.25,18.55,17.50,18.55,-0.15,24
107/02/12,60000,1098600,18.40,18.45,18.25,18.25,-0.55,17
107/02/21,165512,3098297,18.80,18.90,18.60,18.65,+0.40,76
107/02/23,56200,1051090,18.75,18.75,18.70,18.70,0.00,13
107/02/26,83312,1555000,18.70,18.75,18.40,18.70,0.00,35
107/02/27,63364,1191829,18.80,18.90,18.75,18.75,+0.05,19
107/03/01,65000,1224450,18.75,18.90,18.75,18.90,+0.15,16
107/03/02,43000,809500,18.85,18.85,18.75,18.85,-0.05,11
107/03/05,34000,642850,19.05,19.05,18.85,18.85,0.00,22
107/03/07,22129,416037,18.80,18.80,18.80,18.80,0.00,12
107/03/09,37920,714796,18.85,19.00,18.80,19.00,+0.20,23
107/03/12,98296,1831435,18.95,18.95,18.55,18.85,-0.15,50
107/03/13,35200,658509,18.70,18.90,18.65,18.90,+0.05,19
107/03/14,45500,854050,18.90,18.90,18.60,18.90,0.00,24
107/03/15,62000,1164050,18.85,18.90,18.70,18.90,0.00,24
107/03/16,34000,637750,18.85,18.85,18.70,18.80,-0.10,18
107/03/19,121902,2319488,18.85,19.20,18.85,19.20,+0.40,62
107/03/20,211280,4087453,19.10,19.50,19.10,19.45,+0.25,77
107/03/21,111140,2165158,19.45,19.60,19.35,19.50,+0.05,37
107/03/22,95050,1854522,19.50,19.60,19.40,19.55,+0.05,32
107/03/23,76050,1464460,19.25,19.50,19.05,19.35,-0.20,23
107/03/26,152000,2946700,19.25,19.50,19.05,19.50,+0.15,59
107/03/27,164384,3231855,19.55,19.75,19.55,19.75,+0.25,76
107/03/28,36910,726990,19.70,19.85,19.55,19.65,-0.10,21
107/03/29,88664,1752780,19.70,19.90,19.65,19.85,+0.20,41
107/03/30,26277,518429,19.85,19.85,19.60,19.80,-0.05,18
107/03/31,85460,1691166,19.50,19.95,19.45,19.80,0.00,38
107/04/02,49190,965174,19.80,19.80,19.50,19.75,-0.05,33
107/04/03,180182,3514084,19.55,19.75,19.40,19.75,0.00,62
107/04/09,75004,1469928,19.50,19.70,19.45,19.70,-0.05,36
107/04/10,53151,1038494,19.50,19.65,19.45,19.65,-0.05,26
107/04/11,84206,1651084,19.50,19.65,19.50,19.60,-0.05,39
107/04/12,37212,728234,19.55,19.65,19.50,19.65,+0.05,18
107/04/13,41102,803628,19.50,19.60,19.50,19.60,-0.05,19
107/04/16,79150,1553125,19.50,19.75,19.50,19.70,+0.10,27
107/04/17,26052,511469,19.70,19.70,19.50,19.70,0.00,14
107/04/18,7050,138427,19.60,19.65,19.60,19.65,-0.05,7
107/04/20,77984,1525287,19.50,19.70,19.50,19.70,+0.10,35
107/04/23,32000,629100,19.70,19.70,19.60,19.70,0.00,21
107/04/24,36200,710150,19.65,19.65,19.55,19.65,-0.05,18
107/04/25,33562,656652,19.60,19.60,19.50,19.60,-0.05,23
107/04/27,29001,570119,19.60,19.70,19.50,19.70,+0.05,11
107/04/30,38490,757703,19.60,19.75,19.60,19.75,+0.05,18
107/05/04,3866,76015,19.70,19.70,19.65,19.65,-0.10,5
107/05/07,62307,1236059,19.65,20.10,19.65,20.10,+0.45,24
107/05/08,107997,2166340,20.10,20.20,20.00,20.05,-0.05,52
107/05/09,85999,1726028,20.05,20.25,19.95,20.20,+0.15,44
107/05/10,61999,1249230,20.05,20.30,20.00,20.20,0.00,37
107/05/11,131292,2665990,20.10,20.45,20.10,20.20,0.00,58
107/05/15,186786,3744670,20.10,20.20,19.95,20.20,+0.05,65
107/05/16,150000,3008150,20.10,20.20,20.00,20.10,-0.10,63
107/05/17,161584,3235580,20.10,20.15,19.90,20.15,+0.05,57
107/05/18,212732,4260266,20.00,20.10,20.00,20.10,-0.05,93
107/05/21,112084,2240621,20.00,20.05,19.75,20.05,-0.05,50
107/05/22,13130,261174,20.00,20.00,19.80,20.00,-0.05,9
107/05/24,2307,45517,19.75,19.75,19.75,19.75,-0.25,3
107/05/25,44009,877030,19.65,20.20,19.60,20.20,+0.45,27
107/05/29,16942,335651,19.70,20.00,19.70,20.00,0.00,13
107/05/30,17000,340400,20.00,20.10,20.00,20.10,+0.10,6
107/05/31,20214,402086,20.00,20.00,19.80,20.00,-0.10,18
107/06/04,51426,1030154,19.90,20.40,19.80,20.40,+0.50,35
107/06/05,28337,565672,20.20,20.20,19.90,19.90,-0.50,19
107/06/06,48500,969900,20.00,20.10,19.90,20.10,+0.20,16
107/06/08,129254,2586704,20.05,20.10,19.95,20.10,-0.10,56
107/06/12,121284,2425550,20.00,20.00,19.95,20.00,0.00,46
107/09/07,38717,746016,19.35,19.35,19.20,19.35,-0.15,24
107/09/12,73453,1396761,19.00,19.10,18.95,19.10,0.00,30
107/09/13,26000,493100,19.00,19.10,18.90,19.10,0.00,12
107/09/19,19000,361950,19.50,19.50,19.00,19.05,+0.05,14
107/09/20,10000,191900,18.90,19.40,18.90,19.40,+0.35,9
107/09/25,3000,58300,19.50,19.50,19.40,19.40,0.00,3
107/10/01,43428,828232,19.20,19.30,19.00,19.05,-0.25,35
107/10/02,14309,272571,19.05,19.20,18.95,19.20,+0.15,18
107/10/03,17100,326210,19.00,19.20,18.95,19.20,0.00,17
107/10/04,23700,449900,19.00,19.00,18.95,19.00,-0.20,15
107/10/05,85500,1587099,19.00,19.00,17.70,19.00,0.00,56
107/10/08,45300,834180,18.20,18.75,18.20,18.75,-0.25,24
107/10/09,68336,1249915,18.30,18.40,18.25,18.25,-0.50,38
107/10/12,47201,833297,17.70,17.80,17.50,17.50,-0.45,23
107/10/15,9001,161767,17.95,18.00,17.95,17.95,+0.45,6
107/10/17,23153,412857,18.05,18.05,17.65,18.05,+0.05,19
107/10/19,5563,104777,18.85,18.85,18.85,18.85,-0.10,7
107/10/25,7725,140617,18.00,18.45,18.00,18.45,-0.25,7
107/10/26,5584,101894,18.10,18.40,18.05,18.40,-0.05,6
107/10/31,5300,95805,18.00,18.25,18.00,18.25,-0.10,5
107/11/01,22700,408870,18.00,18.20,18.00,18.20,-0.05,10
107/11/02,2700,49070,18.20,18.20,18.20,18.20,0.00,3
107/11/05,19000,342200,18.00,18.10,18.00,18.00,-0.20,11
107/11/06,11047,198731,18.00,18.05,17.80,17.80,-0.20,11
107/11/08,16150,296337,18.20,18.50,18.20,18.25,+0.05,9
107/11/09,6004,110773,18.25,18.55,18.25,18.55,+0.30,7
107/11/12,8000,147400,18.35,18.55,18.35,18.55,0.00,4
107/11/13,9000,165900,18.50,18.55,18.20,18.55,0.00,7
107/11/14,2000,36650,18.30,18.35,18.30,18.35,-0.20,2
107/11/16,11316,204488,18.15,18.15,18.00,18.00,-0.25,10
107/11/19,18200,326320,18.00,18.20,17.80,18.20,+0.20,10
107/11/20,28000,499100,17.90,17.90,17.80,17.90,-0.30,10
107/11/21,3149,56782,18.00,18.05,18.00,18.05,+0.15,4
107/11/26,26000,492100,18.75,19.65,18.70,18.70,-0.05,16
107/11/27,18000,337250,18.90,18.90,18.60,18.80,+0.10,11
107/11/29,40200,754520,18.80,18.90,18.60,18.75,-0.45,22
107/11/30,15000,282350,18.75,18.95,18.60,18.95,+0.20,12
107/12/03,1000,18950,18.95,18.95,18.95,18.95,0.00,1
107/12/04,10999,206730,18.95,18.95,18.70,18.90,-0.05,11
107/12/06,20000,374100,18.60,19.00,18.50,19.00,+0.10,15
107/12/07,1600,30280,19.00,19.00,19.00,19.00,0.00,2
107/12/10,7379,138787,18.70,18.90,18.70,18.90,-0.10,7
107/12/11,17000,318250,18.70,18.80,18.65,18.80,-0.10,12
107/12/12,16200,302310,18.70,18.80,18.50,18.80,0.00,15
107/12/13,17072,317632,18.60,18.65,18.60,18.65,-0.15,15
107/12/14,16000,299150,18.65,18.75,18.65,18.75,+0.10,12
107/12/17,4094,76648,18.75,18.75,18.70,18.70,-0.05,5
107/12/19,18088,338295,18.65,18.80,18.65,18.80,+0.10,18
107/12/20,29000,542250,18.70,18.80,18.60,18.70,-0.10,25
107/12/21,15500,289500,18.70,18.70,18.65,18.65,-0.05,9
107/12/22,16500,308625,18.65,18.80,18.65,18.80,+0.15,13
107/12/24,6020,113072,18.75,18.80,18.75,18.80,0.00,7
107/12/25,26417,490629,18.60,18.75,18.50,18.75,-0.05,25
107/12/26,40999,755831,18.55,18.60,18.30,18.60,-0.15,31
107/12/27,21418,394249,18.40,18.50,18.35,18.45,-0.15,16
107/12/28,39348,716021,18.20,18.60,17.80,18.60,+0.15,32
108/01/02,10116,186406,18.20,18.80,18.20,18.80,+0.20,12
108/01/03,9001,166818,18.50,18.60,18.50,18.55,-0.25,6
108/01/04,18150,334140,18.05,18.75,18.05,18.75,+0.20,17
108/01/07,20000,369500,18.50,18.60,18.40,18.50,-0.25,12
108/01/08,13418,247491,18.45,18.55,18.35,18.55,+0.05,12
108/01/09,21000,387850,18.30,18.60,18.30,18.60,+0.05,18
108/01/11,10002,184537,18.40,18.65,18.35,18.65,+0.15,9
108/01/14,2700,50200,18.65,18.65,18.60,18.60,-0.05,3
108/01/15,1000,18750,18.75,18.75,18.75,18.75,+0.15,1
108/01/18,6066,113127,18.70,18.70,18.60,18.70,0.00,5
108/01/23,1000,18700,18.70,18.70,18.70,18.70,0.00,1
108/01/25,10000,185400,18.50,18.60,18.50,18.60,-0.10,9
108/01/28,5000,93000,18.60,18.60,18.60,18.60,0.00,4
108/01/29,1000,18550,18.55,18.55,18.55,18.55,-0.05,1
108/01/30,16006,298710,18.70,18.70,18.45,18.70,+0.15,19
108/02/11,8399,160981,19.20,19.20,19.20,19.20,+0.50,10
108/02/12,1243,23567,18.95,18.95,18.95,18.95,-0.25,3
108/02/13,19931,372565,18.70,18.75,18.60,18.75,-0.20,18
108/02/14,10330,191821,18.55,18.60,18.55,18.60,-0.15,9
108/02/15,9071,168563,18.75,18.75,18.50,18.60,0.00,10
108/02/18,4500,83100,18.40,18.50,18.40,18.50,-0.10,6
108/02/20,14686,272958,18.35,18.80,18.35,18.70,+0.30,15
108/02/21,42000,789350,18.75,19.00,18.60,19.00,+0.30,24
108/02/22,27200,515810,18.90,19.00,18.90,19.00,0.00,19
108/02/25,4372,82112,18.80,19.00,18.65,19.00,0.00,4
108/02/27,13324,251741,18.75,18.95,18.75,18.95,0.00,13
108/03/04,3000,56800,18.90,18.95,18.90,18.95,0.00,3
108/03/06,10779,204333,18.85,19.00,18.85,19.00,+0.15,10
108/03/08,3000,56850,18.95,18.95,18.95,18.95,-0.05,2
108/03/11,1000,18900,18.90,18.90,18.90,18.90,-0.05,1
108/03/13,19646,370924,18.70,18.90,18.70,18.90,0.00,15
108/03/14,104280,1969056,18.90,19.00,18.55,18.95,+0.05,53
108/03/15,62215,1181385,18.90,19.05,18.90,19.05,+0.10,38
108/03/18,64600,1240940,19.05,19.35,19.05,19.30,+0.25,46
108/03/19,117157,2285440,19.30,19.90,19.25,19.90,+0.60,71
108/03/20,56999,1141729,19.95,20.15,19.85,20.15,+0.25,44
108/03/21,231049,4755253,20.60,20.95,20.30,20.75,+0.60,118
108/03/25,34000,693900,20.55,20.55,20.30,20.55,0.00,20
108/03/26,53560,1090900,20.30,20.70,20.25,20.70,+0.15,40
108/03/27,87200,1799110,20.80,20.85,20.55,20.85,+0.15,40
108/03/28,29862,617799,20.85,20.85,20.55,20.80,-0.05,26
108/03/29,13322,275682,20.70,20.75,20.70,20.75,-0.05,12
108/04/01,67256,1392548,21.00,21.10,20.25,20.85,+0.10,51
108/04/02,31546,653096,20.65,20.85,20.65,20.80,-0.05,28
108/04/03,33351,691783,20.80,20.80,20.65,20.80,0.00,22
108/04/08,29250,602949,20.75,20.75,20.55,20.60,-0.20,25
108/04/09,41100,840045,20.40,20.55,20.35,20.55,-0.05,22
108/04/10,5400,111650,20.65,20.70,20.65,20.70,+0.15,6
108/04/11,10000,205650,20.45,20.65,20.45,20.65,-0.05,8
108/04/12,20380,419714,20.65,20.70,20.50,20.70,+0.05,21
108/04/15,4000,82700,20.70,20.70,20.65,20.65,-0.05,3
108/04/16,16942,348310,20.55,20.65,20.50,20.65,0.00,15
108/04/26,3522,71996,20.45,20.50,20.45,20.50,-0.10,4
108/04/29,19198,389529,20.25,20.30,20.25,20.30,-0.20,14
108/04/30,19354,394571,20.35,20.55,20.30,20.55,+0.25,15
108/05/03,10102,208451,20.65,20.70,20.50,20.60,0.00,9
108/05/06,2259,46434,20.50,20.60,20.50,20.60,0.00,6
108/05/07,1000,20550,20.55,20.55,20.55,20.55,-0.05,1
108/05/08,18300,371890,20.30,20.45,20.20,20.45,-0.10,16
108/05/09,63500,1278200,20.15,20.30,20.00,20.30,-0.15,38
108/05/10,18300,367115,20.10,20.20,20.00,20.20,-0.10,13
108/05/13,10200,205640,20.10,20.30,20.10,20.30,+0.10,7
108/05/14,58000,1166050,20.10,20.25,20.00,20.25,-0.05,25
108/05/15,40022,807092,20.20,20.25,20.15,20.25,0.00,17
